001563
001940
003300
003667
003365
002520
001386
003072
003421
001204
002540
003396
002479
001960
002172
003391
003335
002209
002427
001888
003027
002767
003462
003695
001691
001263
001724
003698
003369
003828
002369
003254
003053
002969
002384
003877
003872
002648
003491
001164
002684
003202
003703
003760
003722
002755
003164
001468
003031
001733
003350
001277
001982
002290
001903
003546
002735
002722
000982
002445
003110
003669
003395
002763
001688
003338
003377
002256
002801
003603
002529
001948
002208
002816
000847
002566
002800
002255
002466
002435
003809
003679
001430
001799
003614
001012
003008
002129
002176
002371
002762
002064
003285
002348
002796
001713
003530
003714
002500
001343
003784
001537
001842
002869
001451
003814
002508
000908
000863
002471
002643
002145
001221
003556
003807
002537
002376
002477
001200
003360
003826
002027
003554
003796
002859
001723
002465
001185
003116
002405
003129
003915
002461
003199
003185
002738
003905
002786
001654
003250
003662
002260
002820
003044
002776
003671
002947
003528
002737
003065
003228
002978
003690
001536
000911
003644
003178
001793
002237
001483
002751
001768
003511
000830
002549
003126
002512
003845
002259
003379
003464
003417
002986
003606
003510
002196
000950
001444
001669
002589
003611
002845
003005
003229
001383
002392
001073
002273
002962
002709
001485
001816
001872
002086
003147
003004
003412
002599
003410
001230
001421
002368
002880
001981
003834
003415
003047
002088
003194
001971
002933
003146
002385
003648
003133
003258
002091
003717
002916
001174
003879
003621
003112
003605
003727
002866
002462
003758
001775
003382
003625
001332
002279
003376
003696
002836
002238
000904
003636
003419
002114
003609
003891
001130
001455
003100
002759
003177
002047
000946
003122
003642
002965
003150
001079
002472
003791
002782
001936
003708
002375
003837
002006
000899
003433
002653
002263
000768
001018
001755
003753
002024
003887
003627
003024
001593
003118
003869
002391
002603
003082
003487
002221
001725
001565
002697
003537
003313
003608
003247
001806
002104
002939
001892
002734
002329
003422
003316
002021
002561
002171
002635
003751
001541
003127
001906
002095
001911
003773
003255
002501
002332
001962
003469
002784
001801
001761
002838
003806
002234
002186
000971
000753
002696
001393
003343
003223
001840
003889
002082
003565
002300
001729
003640
003844
001708
003181
000518
001439
003593
000920
002483
003120
003907
001726
003808
002452
003521
002870
001907
003748
001756
002621
001529
003874
001555
003876
002272
003163
003355
003586
003450
002593
002992
002202
003597
001847
000648
002166
001299
003239
003259
003673
003645
002460
003518
003455
001717
002645
003470
001677
003155
001510
002443
003242
002567
002251
003788
003886
003497
002664
003786
003699
002180
003865
003161
003835
002519
003408
003555
003397
003899
002054
002899
003186
003011
003195
002345
003270
001143
001797
003218
002940
003339
003088
003458
002335
003406
002546
002323
001683
001732
003390
003211
002795
002437
003516
002690
003856
002191
000477
003817
002124
001288
002944
003090
001149
002717
002605
003913
002025
001532
002261
001214
001827
003430
002924
003308
002070
003273
003213
001590
001789
000936
002039
002931
002987
003803
001630
001941
003628
003356
001673
001807
000288
002372
002989
001636
000996
003466
001963
002855
002278
003331
001653
002760
002359
003589
002741
001107
002812
002586
002867
002364
002794
003660
001894
003077
002732
002942
003056
001976
002183
003154
003750
000827
000663
003373
000808
002308
002558
002611
001152
002523
001543
002875
002713
003021
003732
003188
002425
002571
001445
002891
003017
002695
001385
002757
003461
002634
000934
003895
001633
003820
003529
003587
001333
001899
003262
003500
001902
002152
001945
003159
002156
002810
003743
003413
003735
002321
002957
003632
003681
003210
003634
003452
001750
003706
002214
000613
002579
002042
003585
001234
003790
003000
003311
003674
003596
003439
003629
002633
003519
002058
003216
000880
003351
003098
003451
003678
002678
001887
001861
003656
002914
003848
003307
000782
000929
003859
001182
002387
001588
001810
001898
003034
002765
003675
001741
001875
003244
000855
003269
002766
002288
003042
003618
002419
002280
002912
001610
001497
002670
001460
003349
001475
002804
003290
003830
003797
003233
003374
002896
001124
002034
002943
003709
002334
003566
003620
003623
001427
003066
000865
002151
003443
002618
003549
003359
003496
001161
002609
001727
002069
002067
002934
003658
001878
003260
000915
003754
002502
003085
000190
001858
001854
002683
003821
003184
003401
002525
001730
003524
003539
003236
003157
001166
002302
003429
003827
002966
002953
003425
000748
000896
000967
001112
002675
003420
000591
003868
002001
001650
002938
002442
003774
002807
002893
003691
002848
002456
003847
003846
003124
003694
002492
002901
003205
002826
002637
002677
001400
002554
003713
003860
003489
002374
003204
003089
001077
002990
001270
003657
002952
003392
002542
001734
003866
003684
002117
003102
001836
003818
003763
003424
002155
003759
003108
002946
001882
002555
001175
002669
003449
003169
003793
002116
002063
003780
002615
003038
002975
001752
002439
002403
001465
003362
003493
003436
002691
002545
003404
002658
000993
002913
002778
003890
002030
002627
003200
002868
002721
002668
002253
002407
003015
002963
002228
001747
003779
001920
000966
002000
001539
002022
002423
002659
002984
002723
002354
001833
003284
003885
003253
002564
002666
003175
001434
002490
003740
003054
003453
003078
003577
003327
003912
001934
003767
002404
000564
003506
003871
002362
002249
003301
003655
003403
002783
003622
002496
002539
003468
002257
003919
001766
003664
002415
003170
002906
002055
003219
003354
003792
003330
003704
001922
003344
002330
002132
001577
003063
003772
002328
003032
002919
001102
003149
003367
003508
003635
002470
001800
003604
003142
003272
001870
003575
001441
003536
003509
003407
003588
002352
003783
001777
003567
002190
003279
003370
003499
002514
002956
003294
003781
001083
001091
003336
001603
002706
002004
003477
002448
002578
001323
003638
001470
003162
003857
003594
003898
002636
003189
001595
001436
002817
003441
003121
003293
002266
002847
001765
001746
002774
002287
001582
002367
002657
001426
002318
002270
002749
001312
002480
002727
003752
003135
001501
003137
002798
002382
002056
002441
002187
003028
001617
003911
001928
002835
003299
003685
001678
002791
000829
003551
003045
002213
001172
003861
002590
002873
003416
003824
003207
002126
002277
002842
003651
003798
003599
001579
001450
002268
002315
003729
002108
000793
001545
003057
001106
002337
003105
003576
003646
002043
002201
002109
003484
003522
003083
002513
003325
002585
003564
001809
003303
002967
003363
003863
003492
001614
003386
003444
001160
001638
002715
002785
000834
003711
003337
003639
003811
003849
002068
003721
003855
002505
003106
003093
000754
002662
001825
001834
003838
002174
003705
002565
001553
003074
001442
001144
003240
002699
002494
001930
002036
002858
002600
002377
002366
002775
001780
003183
003525
000207
002977
002844
001622
001927
002995
002718
003918
002099
001901
001557
003256
002267
003274
003398
002215
002450
001612
003749
003002
002061
002083
002680
002458
