000000193121
000000293591
000000084706
000000140661
001299
000000368818
000000387136
000000386633
2009_002754
000000454695
000000095381
000000063845
000000421773
2008_008613
000000203062
000000315622
000000289813
000000431014
000000317169
2009_003311
003142
000000000974
000000440015
000000575978
000000077027
2010_003401
2010_005628
000000276664
2008_005134
000000184377
000000004125
000000561168
000000349376
000000469728
000000415964
000000091675
000000456127
000000051076
000000024257
006355
000000421010
000000011075
000000481200
002669
000000373218
000000030864
000000021801
2009_001980
000000217864
000000070411
2008_006761
000000227484
000000175881
000000090872
000000287970
000000016038
000000258027
000000182551
2010_005565
000000487058
000000061814
000000296769
000000017095
2011_002560
000000472097
2009_004787
000000161937
000000514016
000000178307
000000237230
2008_002442
000000228274
2010_005885
000000393493
000000407768
2008_002899
2008_000093
000000176462
000000436975
000000168803
000000457599
000000540547
000000087735
000000249921
000000391321
2008_002222
000000029241
000000326510
000000188140
002782
000000463325
000000099421
2011_000162
000000106970
000000256742
000000532085
000000401045
000000219338
000000249277
2008_005064
000000201664
000000008292
000000472643
001475
000000390567
000000531778
000000330922
000772
000000484301
000000083060
000000561102
000000072382
000000079143
000000443272
000000100863
000000047198
2008_004584
000000388568
2010_004467
000000095363
000000158167
000000222726
2009_004121
000000464469
000000353588
000000420446
000000547083
000000524471
000000579000
000000236211
000000175238
000000079645
000000414917
000000367767
000000260512
003269
000000015468
000000484281
000000364458
000000007621
000000437353
2009_001874
000000279060
000000271441
2008_008347
000000394659
000000361738
2008_004615
000000267106
2010_001158
000000485614
2009_000723
000000337902
2008_003812
000000223950
000000471107
000000536884
000000030163
000000501634
000000564493
005389
000000089384
2010_005441
000000010211
000000205409
2010_005736
000000083599
000000112031
000000103863
2011_000975
2010_005350
000000472108
000000067568
000000073109
000000013182
000000542426
2008_008141
000000013283
2009_000422
000000442654
000000472376
000000258304
000000027452
000000024081
000000420398
009244
2009_003383
000000140831
000000144115
000000057298
000000235683
000000376436
000000124117
000000083125
000000414877
2011_003034
000000492990
2008_000391
000000304360
000000485413
000000310607
000000324580
000000355603
000000084821
000818
000000129201
000000461189
2011_002971
008294
000000083557
000000576030
000000477025
000000029671
008987
000000267988
000000059868
000000384592
000000007729
2008_006421
000000286010
000000510812
000000426551
000000391548
000000090359
000000358086
000000571848
000000125117
000000436411
000000445338
000000016575
000000272405
000000026665
000000352088
000000018529
006400
2008_002207
000000284756
000000012109
2010_004710
000000392905
000000434389
000000502959
008653
2009_001484
005566
000000229837
2011_000685
000000080960
008213
000000157636
000000352841
000332
000000385494
2008_004930
000000316802
2008_000371
000000102348
000000233868
000000375180
000000378618
000000327047
000000286576
000000452676
2008_000239
000000294397
000000083654
000000469082
000000472169
000000448985
000000333283
000000363624
000000455015
2010_005959
001442
2010_002947
000000490720
2008_003051
2008_007038
000000281262
000000397514
000000258460
000000536109
000000038628
000000145280
2009_000449
004163
000000019719
000000069826
2009_001289
000000029833
000000050609
000000476785
2010_002924
2011_001159
000000074357
000000119247
000000199422
000000439940
000000167964
000000160171
000000370124
2008_003348
000000215012
000000147866
000000072788
000000468722
000000239706
000000173776
000000106351
2008_004986
2010_005692
000000120782
000000447842
000000306108
2008_005884
000000147442
000000140696
004748
2009_003922
000000533800
000000327332
000000308167
008805
000000444392
000000139040
000000381875
000000251379
000000002258
000000576752
000000484273
2010_000641
000039
000000059648
000000034732
2008_008482
2009_004662
000000243442
000000204174
000000010176
000000265233
000000521922
000000128667
000000432414
2011_000765
2010_002307
2010_005958
000000186035
000000075090
000000130749
000000203653
000000550979
000000264514
000000422391
000000409897
2010_005246
2011_002582
2011_002341
000000489475
000000308549
000000395888
000000369603
000000160443
2008_005217
000000403935
000000158718
2010_003230
000000531283
000000536519
000000147042
2008_004804
000000178553
000000516470
000000041710
000000463613
000000133200
2011_001824
2011_002908
000000118748
000000510980
000000038963
000000214106
2011_001751
000000523883
000000428740
000000390001
000000256838
000000301977
000656
002643
000000408846
2009_000014
000000356788
000000202645
000000408805
000000543740
007776
000000295896
2011_002661
000000363023
000000039043
000000314725
000000414249
2008_007588
000000509698
2008_007694
000000290137
000000108430
000118
2009_001975
000000395170
000000497160
000000205121
000000322261
000000063676
000000095854
000000135332
000000252911
000000408568
000000307379
000000067515
2010_000968
000000012711
000000113333
000000181631
000000188017
2009_004716
2009_005129
2008_006765
000000483297
000000484033
000000083658
009738
000000357301
000000397664
000000456730
000246
2010_004856
000000145264
000000376858
000000142825
000000093590
000000534045
000000047752
2010_000352
000000203955
000000562851
000000137699
000000542027
2008_002471
000000488146
000000559252
000000544094
000000341354
000000296139
000000322975
2008_004893
000000026323
000000337422
000000012213
000000351807
000000060387
000000210680
000000360408
000000553534
000000144533
000000525163
000000308327
000000536798
000000574541
000000378183
000000190372
000000074573
000000434370
000000540890
000000109423
000000165707
000000365313
000000477785
000000294035
000000440302
000000009941
005478
000000501116
000000239611
2009_002319
007528
000000301453
000000323322
000000359568
000000060622
000000323467
000000075791
000000501594
2009_000615
000000090560
003450
000000089902
001332
000000381610
000000390017
000000088183
000000449770
000000142847
2010_005199
000000125720
005461
2010_000256
000000080303
000000011449
000000345014
000000079356
2010_004822
000000004130
2010_001659
000000133426
2010_003806
000000342122
000000442506
2008_000345
000000226011
000000443749
000000332159
000000144079
2008_007798
000000481144
000000378147
000000485064
007688
000000168703
000000361222
000000065358
2011_002975
000000533281
000000180085
000000383085
000000147122
000000071726
000000563514
007727
002466
000000280857
006803
000000069536
007100
000000235916
000000046085
000000059949
000000502397
000000244011
2010_002161
000000322402
000000169763
000000445192
000000443999
000000230769
000000426714
003183
000000355622
000000231536
000000248167
000000553871
000000240586
000000159495
000000025974
000000137830
000000422253
000000011360
000000162547
2009_001643
000000443278
000000056752
000000525218
000000543090
000000505126
000000142191
2008_005921
000000383154
000000302740
000000568717
000000328797
2010_003072
000000225183
000000020251
000000576850
000000174989
000000024991
000000212688
000000330650
2008_008437
002940
000000196675
000000150893
000000107960
000000222625
000000525087
000000007772
000000461847
000000066309
006987
009323
000000183949
007064
000000550356
000000227134
000000412101
2009_000750
000000468243
000000406332
2010_003601
000000502148
2009_003607
000000111235
000000423966
000000409220
000000193047
000000381994
000000507570
000000391029
000000453096
000000114335
000000204640
000000214587
000000005745
2010_005000
000000287725
000000490475
000000005755
000000187181
000000261858
000000222324
008453
000000499155
2008_008322
000000075427
000000208824
000000470799
000000264618
000000162230
2010_005888
000000204891
000000124142
004954
000000179242
000000313627
000000248645
2010_000707
2008_005406
000000227265
000000370029
000000457225
000000065024
000000221094
000000036718
000000524786
000000271063
000000109231
2008_008122
000000533799
2009_003396
2008_005098
000000201727
000000215691
000000247465
000000467705
2008_003394
008425
000000131969
000000289866
000000051476
000000563605
000000504499
000000022118
000000259565
000000149230
000000057794
2009_000592
000000304110
000000437789
000000257958
000000528116
000000532610
2010_001580
000000561670
000000113893
000000292183
000000146676
000000141852
2010_004296
000000168609
000000274074
003110
2011_000176
003994
2008_001118
000000272588
000000007735
000000000797
000000575149
2011_002535
000000324342
000000174211
000000509766
000000227433
000000011294
000000496444
000000177090
000000312299
000000156747
000000189278
000000309087
000000084680
000000203400
004719
000000076159
000000371282
000000122913
003362
2009_003297
000000378720
000000397938
000000449681
000000038332
009193
000000088634
000000206377
000000415768
2008_005359
2009_004857
000000435452
000000277073
000000386377
000000559884
000000509891
000000113123
000000360101
000000172158
000000269945
2009_000778
000000058766
2010_003961
000000549496
000000178181
2008_001054
000000230661
2011_002459
000000369470
000000147538
000000122869
2008_008364
000000483027
003846
000000089540
2008_006429
000000255937
2008_001815
000000366927
000000023444
000000138239
000000400507
000000018819
000000071328
000000308739
000000518638
000000472823
001718
000000285998
000000006339
000000437852
000000274784
000000420769
2009_001457
000000260395
000000212782
2008_001182
000000292146
000000090751
000000398045
000000099817
000000102667
2008_004024
2010_001451
000000386640
000000251920
000000193095
006158
000000254714
000000063661
000000407346
002259
2010_004906
000000079069
000000391392
002875
000000044509
000000487851
000000136453
000000119666
2010_000912
000000538588
000000479712
000000531657
000000571764
000000177775
000000298071
2010_000415
2010_005596
000000322239
000000235681
004372
000000426824
000000422192
000000476054
000000515202
000000058106
000000190884
003921
000000532419
005601
000000299381
000278
000000094926
000000251860
000000188973
000000239174
000000422350
000000418964
000000054899
000000329806
2008_007164
000000278660
000000199743
000000104790
000000037868
000000230227
000000144436
000000161084
000000101959
000000334285
000000049860
2008_005527
007343
2010_005658
000000483836
000000126182
2009_001288
2008_008011
000000302551
000000357219
000000032566
000000048759
002881
000000204943
000000141441
2011_002371
000000508818
000000279388
000000426762
000000048037
009562
000000411645
000000300979
000000147972
2009_001847
006878
000000073626
000000422899
2010_003491
000000520898
000000012429
000000097427
000000311691
