000000244122
000000201261
000000115158
000000029161
000000054386
000000230617
000000503557
000000403459
000000037001
000000473261
000000512736
000000547485
000000187153
000000491241
000000207463
000000325665
000000478306
000000540965
000000141922
000000281164
000000537648
000000041311
000000185158
000000028802
000000093106
000000264741
000000120145
000000066301
000000284703
000000376381
000000556855
000000508944
000000155937
000000412190
000000288610
000000375473
000000308780
000000279041
000000502508
000000199946
000000548471
000000082301
000000106652
000000301146
000000366925
000000005028
000000053037
000000297639
000000061463
000000427301
000000116064
000000363593
000000547742
000000115365
000000343608
000000119834
000000177289
000000273736
000000481306
000000515249
000000543830
000000289428
000000441493
000000321097
000000251292
000000527599
000000263212
000000500152
000000345188
000000424111
000000097330
000000426076
000000005649
000000350165
000000071271
000000006590
000000262991
000000492954
000000221663
000000252998
000000221515
000000382620
000000121350
000000072495
000000181053
000000562602
000000099030
000000024105
000000512967
000000269843
000000323581
000000237996
000000404592
000000250249
000000469988
000000393592
000000580753
000000453853
000000012650
000000218589
000000410887
000000087762
000000551931
000000299122
000000449904
000000118219
000000373073
000000578843
000000016359
000000137220
000000330513
000000572282
000000059244
000000504566
000000263878
000000380280
000000151289
000000313164
000000245230
000000360068
000000492065
000000056116
000000370162
000000246298
000000533542
000000558372
000000497847
000000223838
000000238749
000000545727
000000575469
000000023258
000000301649
000000352758
000000401589
000000443479
000000160106
000000054375
000000581697
000000330694
000000107212
000000365582
000000050056
000000024520
000000492993
000000459824
000000348528
000000350621
000000323268
000000245345
000000300868
000000205756
000000213135
000000221441
000000426300
000000170525
000000352357
000000035820
000000356704
000000183414
000000177658
000000369733
000000068953
000000356916
000000085235
000000057820
000000246833
000000529745
000000456886
000000085326
000000555833
000000243421
000000104800
000000109174
000000170506
000000573125
000000417446
000000536534
000000008187
000000121644
000000502179
000000204217
000000117178
000000574506
000000193621
000000304445
000000082246
000000311080
000000029153
000000001315
000000244986
000000023405
000000155652
000000213506
000000577869
000000133845
000000178418
000000083079
000000116725
000000289621
000000474556
000000302538
000000478532
000000507520
000000508130
000000181367
000000301261
000000423341
000000042619
000000022741
000000265781
000000251842
000000465047
000000559974
000000136565
000000408528
000000160848
000000478304
000000052308
000000483362
000000508292
000000523700
000000241761
000000006489
000000365573
000000330573
000000149679
000000320467
000000373373
000000013290
000000034815
000000329752
000000296782
000000021528
000000449250
000000012240
000000247493
000000051943
000000160037
000000562678
000000430898
000000067117
000000442771
000000126301
000000537289
000000202990
000000570358
000000501700
000000219300
000000191913
000000337886
000000372804
000000196610
000000201492
000000453426
000000251569
000000369491
000000323963
000000514650
000000185177
000000026097
000000401225
000000174595
000000461496
000000013230
000000008794
000000302029
000000495310
000000084981
000000410590
000000112480
000000067256
000000018171
000000230756
000000196842
000000025506
000000579846
000000102096
000000360211
000000121929
000000212824
000000135270
000000396853
000000191072
000000029711
000000464888
000000543728
000000467564
000000531998
000000300284
000000386341
000000461458
000000271038
000000246056
000000074099
000000088720
000000433200
000000167813
000000098596
000000377694
000000241720
000000312286
000000404050
000000536374
000000324413
000000444448
000000477193
000000037183
000000445388
000000315719
000000170754
000000105853
000000169633
000000272459
000000523576
000000014244
000000362282
000000461226
000000308892
000000065245
000000511814
000000039301
000000170540
000000127296
000000109622
000000354469
000000266244
000000019793
000000366907
000000294090
000000199594
000000215738
000000385972
000000464237
000000011842
000000006998
000000207378
000000220843
000000529667
000000147839
000000463168
000000014089
000000207236
000000513729
000000430192
000000387109
000000016616
000000053803
000000431555
000000309615
000000301605
000000276768
000000171766
000000140883
000000272901
000000299026
000000241820
000000154693
000000310523
000000001053
000000394547
000000004489
000000106817
000000524470
000000562176
000000050389
000000287223
000000107019
000000146954
000000346384
000000004129
000000401980
000000084550
000000204279
000000136043
000000304134
000000456545
000000470057
000000539358
000000520750
000000229507
000000578705
000000345576
000000365314
000000237511
000000291717
000000229149
000000116740
000000514693
000000046059
000000498425
000000178849
000000549183
000000570297
000000339547
000000429644
000000539197
000000203021
000000053294
000000562876
000000465813
000000499193
000000414828
000000474396
000000520063
000000013198
000000320566
000000152328
000000336181
000000580238
000000015109
000000462292
000000557496
000000074299
000000236840
000000122511
000000396958
000000300745
000000541077
000000216150
000000015451
000000483781
000000290379
000000579862
000000108701
000000365614
000000080471
000000536265
000000107438
000000338012
000000551472
000000244032
000000407688
000000514541
000000376731
000000214450
000000558876
000000196510
000000030395
000000340545
000000030699
000000141654
000000290600
000000437522
000000231863
000000107425
000000319712
000000463859
000000318108
000000120541
000000537540
000000515505
000000194108
000000514155
000000450526
000000424915
000000260513
000000016470
000000120595
000000555109
000000424368
000000572786
000000499915
000000375947
000000322391
000000505057
000000479068
000000025833
000000358989
000000016526
000000255258
000000438964
000000454177
000000536827
000000287437
000000354480
000000539072
000000574792
000000186578
000000400822
000000435124
000000576239
000000423643
000000470190
000000522938
000000030643
000000300001
000000139780
000000282415
000000121110
000000187569
000000065986
000000024259
000000511537
000000086189
000000490511
000000451550
000000358237
000000483569
000000528631
000000370258
000000308796
000000216711
000000243629
000000142014
000000451793
000000518859
000000130581
000000255164
000000146091
000000049643
000000381027
000000059843
000000413248
000000267927
000000009990
000000378312
000000574964
000000298906
000000139987
000000552518
000000120969
000000503957
000000351439
000000396490
000000459524
000000509931
000000448648
000000244748
000000337262
000000178040
000000256981
000000178749
000000508083
000000029821
000000018766
000000250991
000000187473
000000193243
000000277470
000000427435
000000182064
000000391561
000000123935
000000504894
000000088325
000000205392
000000455228
000000298799
000000562575
000000492754
000000161384
000000397219
000000061585
000000372824
000000440032
000000224772
000000507690
000000102989
000000500712
000000377509
000000352125
000000442945
000000201519
000000066082
000000167354
000000510313
000000245415
000000139595
000000137778
000000460810
000000083624
000000483377
000000372740
000000382401
000000084585
000000205613
000000579614
000000262967
000000239791
000000157519
000000187914
000000544893
000000108501
000000494954
000000009446
000000083580
000000205432
000000142418
000000040286
000000417797
000000517485
000000031465
000000419150
000000326336
000000095850
000000506439
000000194336
000000376558
000000192539
000000298147
000000339913
000000447726
000000397736
000000537232
000000262747
000000398142
000000160610
000000446813
000000284543
000000065924
000000573981
000000257815
000000007104
000000159948
000000273898
000000200200
000000499865
000000378198
000000274123
000000269588
000000390334
000000496673
000000158787
000000124178
000000379232
000000079333
000000043773
000000351191
000000267022
000000348331
000000497216
000000197368
000000523487
000000565401
000000006692
000000213215
000000569683
000000529952
000000031813
000000169640
000000455459
000000225313
000000117325
000000158915
000000116336
000000281394
000000260088
000000380715
000000399922
000000426585
000000538809
000000390879
000000385858
000000275206
000000239771
000000394783
000000193025
000000038582
000000537512
000000073510
000000297011
000000284340
000000129108
000000559055
000000286092
000000310338
000000549532
000000350960
000000381163
000000083029
000000545676
000000156969
000000249835
000000361359
000000557394
000000187119
000000575310
000000243472
000000353288
000000208067
000000346004
000000326108
000000217574
000000129133
000000440087
000000151196
000000356396
000000230893
000000331082
000000084277
000000390756
000000282552
000000572362
000000508939
000000550147
000000290724
000000207074
000000465005
000000357549
000000315229
000000026304
000000158977
000000376590
000000123975
000000552318
000000218546
000000144552
000000328120
000000521059
000000504284
000000579232
000000255604
000000113212
000000034019
000000363455
000000526881
000000238808
000000073262
000000151576
000000392971
000000581071
000000344067
000000561177
000000253094
000000136979
000000427789
000000135237
000000061219
000000189915
000000439946
000000111436
000000540206
000000298017
000000292125
000000181837
000000259093
000000014698
000000334997
000000061982
000000103393
000000564609
000000137407
000000150197
000000024380
000000095483
000000381758
000000234755
000000265990
000000338705
000000415093
000000579802
000000007819
000000251974
000000131674
000000218305
000000351968
000000280469
000000580191
000000339446
000000547817
000000051342
000000408515
000000507239
000000290866
000000127405
000000003988
000000272194
000000530896
000000359029
000000096640
000000073339
000000065859
000000224959
000000355737
000000542452
000000573513
000000327448
000000103817
000000420823
000000389016
000000383564
000000317208
000000317911
000000486513
000000367409
000000440811
000000441488
000000297227
000000255495
000000527907
000000126281
000000443599
000000069052
000000385567
000000239828
000000259556
000000344996
000000353370
000000437515
000000126608
000000226632
000000206912
000000573627
000000504021
000000410680
000000448099
000000501247
000000311501
000000136070
000000277215
000000126028
000000298262
000000362499
000000516590
000000577125
000000413956
000000350553
000000005620
000000161121
000000378906
000000269333
000000046816
000000231524
000000379115
000000507830
000000271505
000000122551
000000026362
000000128215
000000232339
000000402632
000000198017
000000428142
000000415288
000000532175
000000530037
000000261800
000000313419
000000058099
000000371360
000000359005
000000345625
000000343878
000000312937
000000006233
000000236593
000000033631
000000546018
000000298008
000000490888
000000267205
000000501418
000000190885
000000255418
000000085601
000000466828
000000557343
000000124739
000000064941
000000393896
000000412442
000000497972
000000581061
000000363917
000000057361
000000094031
000000433825
000000490887
000000211863
000000292120
000000349047
000000281160
000000394501
000000282042
000000400107
000000387543
000000499829
000000282115
000000155198
000000564781
000000278656
000000301916
000000092710
000000352091
000000312506
000000059985
000000300279
000000097685
000000203269
000000420629
000000421893
000000574211
000000537152
000000117371
000000554891
000000126020
000000308701
000000204420
000000514563
000000511231
000000331315
000000530030
000000475535
000000147192
000000461996
000000493227
000000263974
000000054749
000000382316
000000481930
000000042493
000000514243
000000358429
000000176440
000000127871
000000548652
000000231368
000000334588
000000369504
000000096101
000000022228
000000423739
000000296901
000000099135
000000575008
000000302552
000000282293
000000391509
000000575761
000000409216
000000132954
000000144022
000000497455
000000362944
000000004331
000000283170
000000506315
000000200033
000000053900
000000338833
000000380920
000000179672
000000168573
000000387124
000000072987
000000092366
000000057213
000000222844
000000218155
000000126728
000000541676
000000524195
000000294933
000000509876
000000469010
000000008025
000000509394
000000241076
000000281227
000000168900
000000380447
000000127786
000000410603
000000072156
000000337780
000000438029
000000182801
000000258552
000000293346
000000264151
000000014388
000000308548
000000152689
000000261485
000000222703
000000341768
000000267463
000000562138
000000464875
000000398070
000000518511
000000533739
000000514939
000000013489
000000570874
000000327895
000000065643
000000361136
000000068130
000000127450
000000040129
000000319118
000000001311
000000573286
000000334708
000000125848
000000206394
000000086763
000000164522
000000443641
000000249529
000000144091
000000567665
000000031673
000000239933
000000111831
000000305573
000000188587
000000364234
000000459058
000000049801
000000152385
000000177060
000000501441
000000139612
000000330696
000000151291
000000304590
000000071675
000000095202
000000234624
000000215298
000000293308
000000230572
000000573485
000000463788
000000526514
000000174410
000000533998
000000521998
000000340903
000000562330
000000224462
000000042529
000000478154
000000429353
000000098390
000000392111
000000503460
000000079498
000000236217
000000235237
000000218106
000000413723
000000496195
000000270574
000000299769
000000438575
000000241281
000000547845
000000050379
000000125244
000000051310
000000484158
000000228989
000000074179
000000318117
000000427069
000000041742
000000087058
000000203304
000000351710
000000577022
000000294714
000000219274
000000165086
000000167603
000000046408
000000426261
000000411441
000000403249
000000392606
000000312926
000000579123
000000465353
000000389037
000000394021
000000395013
000000438946
000000387401
000000181564
000000319676
000000134586
000000069117
000000425540
000000235276
000000473665
000000149331
000000508045
000000565716
000000447074
000000038417
000000558596
000000293647
000000261003
000000531861
000000182416
000000450666
000000336576
000000236990
000000072984
000000373648
000000028525
000000047407
000000525567
000000039779
000000476500
000000127400
000000041772
000000080090
000000461265
000000054411
000000091917
000000449066
000000229301
000000263101
000000458123
000000273503
000000570203
000000071552
000000284233
000000562291
000000028952
000000072740
000000378865
000000449152
000000073413
000000387764
000000061206
000000167123
000000431133
000000006562
000000144497
000000342787
000000534926
000000123770
000000426979
000000507342
000000339536
000000113455
000000514127
000000438306
000000061904
000000417248
000000543332
000000366994
000000337711
000000422563
000000122973
000000090154
000000115502
000000095506
000000070104
000000407972
000000000540
000000012544
000000171179
000000142349
000000323896
000000239870
000000213124
000000382482
000000129371
000000421735
000000121938
000000098830
000000073235
000000275211
000000191376
000000008339
000000206871
000000385971
000000149551
000000449847
000000468408
000000038558
000000350086
000000559039
000000451574
000000127122
000000055641
000000199225
000000085397
000000481464
000000555034
000000093274
000000047554
000000364491
000000358281
000000507889
000000431812
000000563297
000000080792
000000578103
000000464037
000000163474
000000143151
000000043001
000000037514
000000253054
000000127042
000000057381
000000016364
000000337796
000000114288
000000108470
000000138290
000000290174
000000227205
000000025142
000000094201
000000201123
000000376668
000000093232
000000071182
000000292283
000000570721
000000104621
000000139214
000000569050
000000064440
000000208350
000000059106
000000574953
000000233916
000000567149
000000036639
000000557183
000000293825
000000117137
000000290965
000000116229
000000418609
000000376283
000000492131
000000484278
000000560581
000000040535
000000346653
000000455350
000000491936
000000166693
000000022355
000000384164
000000357428
000000488403
000000056699
000000517719
000000238568
000000207782
000000393303
000000411111
000000209654
000000560571
000000020391
000000525539
000000364956
000000486350
000000073837
000000481257
000000149834
000000055413
000000137366
000000302514
000000101140
000000118703
000000304694
000000221633
000000141603
000000183327
000000375801
000000359620
000000157260
000000256075
000000369156
000000173722
000000544921
000000576789
000000076014
000000505501
000000261272
000000023089
000000300499
000000107386
000000393317
000000288021
000000139712
000000119449
000000107535
000000560366
000000116074
000000097367
000000564443
000000376623
000000318382
000000068636
000000479427
000000167621
000000505092
000000049434
000000399540
000000479399
000000357989
000000437481
000000074523
000000349931
000000161738
000000142002
000000414851
000000445220
000000145518
000000390310
000000469770
000000099162
000000442723
000000478805
000000519552
000000067439
000000098213
000000132773
000000401136
000000524338
000000228784
000000283912
000000305170
000000210057
000000463875
000000045165
000000550670
000000440611
000000187280
000000483956
000000436759
000000173163
000000211299
000000458390
000000142629
000000499512
000000339453
000000483070
000000130914
000000393207
000000103361
000000184211
000000157314
000000524068
000000478142
000000220686
000000492639
000000067749
000000468503
000000169448
000000234819
000000179906
000000101826
000000097213
000000504298
000000533055
000000063035
000000414624
000000405330
000000504023
000000547148
000000205150
000000080475
000000427221
000000375680
000000325775
000000036725
000000123282
000000175801
000000354734
000000331093
000000346817
000000575590
000000577035
000000242744
000000100918
000000295762
000000140581
000000516945
000000297828
000000201706
000000256560
000000402541
000000543911
000000072612
000000120207
000000269888
000000150258
000000462517
000000396188
000000519836
000000086169
000000267699
000000183517
000000555475
000000018370
000000460780
000000515566
000000480872
000000562741
000000245638
000000237685
000000296257
000000553735
000000196205
000000330671
000000117838
000000329684
000000500525
000000101094
000000422063
000000551647
000000512961
000000402281
000000334561
000000244870
000000534763
000000555982
000000343255
000000223612
000000487644
000000516444
000000249291
000000055690
000000258559
000000053719
000000177319
000000496891
000000405145
000000148727
000000145945
000000163498
000000451893
000000566935
000000537689
000000070087
000000145538
000000556363
000000189361
000000555808
000000240955
000000016784
000000240625
000000276766
000000447065
000000499267
000000326824
000000229874
000000274547
000000240976
000000127100
000000094420
000000393553
000000110718
000000509364
000000122605
000000508881
000000353906
000000375961
000000480014
000000443209
000000166621
000000318261
000000447297
000000160524
000000027616
000000531844
000000150196
000000496401
000000224601
000000179969
000000051990
000000354655
000000411384
000000566984
000000316106
000000506062
000000143436
000000370235
000000351262
000000375535
000000368409
000000428788
000000421556
000000222755
000000415427
000000397701
000000215304
000000403590
000000466971
000000412141
000000399275
000000534195
000000145978
000000279022
000000199640
000000347042
000000513966
000000512924
000000231315
000000541900
000000394640
000000032606
000000171012
000000342583
000000416840
000000536963
000000254301
000000155364
000000509584
000000091442
000000136343
000000009648
000000292087
000000553800
000000202112
000000443589
000000581189
000000419296
000000447471
000000498587
000000061992
000000224522
000000486449
000000528712
000000521894
000000450471
000000336563
000000359595
000000002754
000000537379
000000237941
000000086777
000000140236
000000326639
000000338522
000000530972
000000173448
000000413996
000000013279
000000041700
000000226505
000000117644
000000009542
000000213922
000000328494
000000056145
000000104935
000000257109
000000492244
000000467038
000000435482
000000201607
000000326891
000000164655
000000204682
000000099888
000000024782
000000238223
000000480744
000000399332
000000403132
000000492684
000000231104
000000511373
000000400702
000000470189
000000139507
000000117639
000000542582
000000032471
000000564491
000000036850
000000496740
000000492974
000000545124
000000253907
000000009999
000000051985
000000505343
000000575267
000000252779
000000577710
000000526769
000000367724
000000299618
000000130908
000000334735
000000335781
000000090307
000000122460
000000028058
000000186227
000000321709
000000145915
000000523199
000000135250
000000325220
000000030100
000000316275
000000237111
000000193479
000000377955
000000246625
000000452186
000000306451
000000310617
000000338880
000000289312
000000406139
000000508207
000000178838
000000287245
000000268774
000000272255
000000055303
000000531647
000000251036
000000396420
000000541787
000000146401
000000158873
000000030235
000000505738
000000165247
000000364006
000000540695
000000293074
000000311229
000000579899
000000188847
000000077383
000000489721
000000151112
000000134383
000000134309
000000002687
000000459082
000000092904
000000067220
000000200619
000000423875
000000224790
000000354626
000000011426
000000276009
000000228714
000000199119
000000355481
000000537879
000000275544
000000137150
000000416901
000000137230
000000423209
000000178801
000000382854
000000315322
000000005018
000000142794
000000320353
000000228519
000000576700
000000200335
000000045343
000000573854
000000438620
000000107593
000000157926
000000219750
000000057663
000000027777
000000244451
000000096925
000000399252
000000157923
000000518966
000000008373
000000185844
000000117400
000000542779
000000116185
000000041453
000000110187
000000406920
000000015379
000000437911
000000143401
000000554689
000000216952
000000024608
000000015273
000000274337
000000435445
000000024368
000000114144
000000229559
000000389351
000000358391
000000223836
000000130228
000000394964
000000549650
000000411130
000000286632
000000568884
000000285019
000000091841
000000095096
000000263826
000000400093
000000552721
000000445075
000000426728
000000373487
000000099844
000000491397
000000256607
000000475763
000000403270
000000016412
000000216393
000000005294
000000157153
000000026895
000000268711
000000053406
000000440586
000000374302
000000550534
000000146751
000000086393
000000289341
000000548824
000000524956
000000005336
000000267604
000000305538
000000135412
000000178890
000000264396
000000392180
000000526172
000000493806
000000130402
000000262191
000000408144
000000293277
000000514318
000000043936
000000320926
000000133013
000000151570
000000307757
000000244715
000000533603
000000565387
000000445268
000000044017
000000316152
000000259088
000000158036
000000501263
000000051322
000000226705
000000066067
000000114459
000000564186
000000149961
000000421777
000000077067
000000503331
000000154898
000000248565
000000026409
000000272569
000000277319
000000560997
000000117413
000000314109
000000397511
000000467311
000000077055
000000336221
000000366430
000000333722
000000045475
000000211989
000000574037
000000470933
000000238902
000000539848
000000370945
000000381433
000000242762
000000453106
000000466885
000000438619
000000164360
000000194105
000000061621
000000474073
000000321215
000000165977
000000503401
000000259022
000000494985
000000503104
000000581031
000000077745
000000423313
000000051168
000000510290
000000038681
000000389755
000000198277
000000272463
000000319354
000000263002
000000114087
000000082957
000000522708
000000540840
000000058684
000000196090
000000408799
000000202617
000000377756
000000387161
000000218037
000000442321
000000378711
000000347313
000000199960
000000477537
000000386838
000000547533
000000497617
000000374490
000000422295
000000370718
000000189794
000000321209
000000483534
000000324817
000000051829
000000431921
000000113310
000000251754
000000274516
000000397129
000000503378
000000423693
000000324275
000000546597
000000548153
000000266153
000000548253
000000470988
000000336580
000000430686
000000178407
000000577343
000000289767
000000268681
000000287601
000000246848
000000366048
000000325418
000000436406
000000066351
000000104788
000000333083
000000144907
000000419682
000000026436
000000000071
000000461494
000000360604
000000421254
000000453496
000000244721
000000274526
000000132838
000000514997
000000307534
000000332824
000000190064
000000156963
000000366081
000000386984
000000460897
000000110371
000000418885
000000253416
000000146881
000000163483
000000039078
000000275758
000000347948
000000062815
000000085625
000000019681
000000013944
000000574271
000000059611
000000115515
000000517086
000000271344
000000534849
000000385805
000000428029
000000172681
000000356362
000000094156
000000108321
000000250195
000000166750
000000233991
000000514839
000000260679
000000413923
000000458876
000000188482
000000469556
000000278715
000000328382
000000398025
000000454755
000000448475
000000213731
000000353561
000000107884
000000438878
000000257712
000000560563
000000379064
000000198169
000000200447
000000106513
000000113521
000000289326
000000279882
000000392060
000000090324
000000349793
000000263770
000000522191
000000518853
000000132521
000000274012
000000576158
000000065962
000000544577
000000159954
000000545675
000000067407
000000288310
000000560173
000000240952
000000113979
000000244353
000000538249
000000062057
000000441012
000000213095
000000258794
000000512060
000000510665
000000482940
000000183790
000000062880
000000324537
000000266353
000000576012
000000085291
000000177418
000000126524
000000327271
000000060433
000000084238
000000088866
000000360869
000000192723
000000556154
000000520860
000000534314
000000456505
000000292351
000000557434
000000314708
000000174814
000000256141
000000576187
000000395920
000000019871
000000301373
000000018584
000000517305
000000278548
000000541832
000000193943
000000439185
000000243416
000000314390
000000255271
000000472250
000000511410
000000092529
000000421619
000000050868
000000122863
000000090218
000000221878
000000097878
000000222961
000000050404
000000066156
000000281052
000000149755
000000410898
000000370926
000000369866
000000181084
000000105035
000000028955
000000325366
000000185666
000000122857
000000513980
000000399308
000000111492
000000212856
000000138008
000000562296
000000421116
000000034632
000000523273
000000520533
000000239483
000000371382
000000286151
000000324228
000000298848
000000034779
000000531964
000000031788
000000126856
000000393546
000000018866
000000235876
000000360388
000000252283
000000469475
000000260604
000000574299
000000081567
000000461705
000000005256
000000051501
000000009203
000000440689
000000455614
000000345172
000000260664
000000054286
000000091025
000000314224
000000050837
000000063782
000000146324
000000447376
000000101239
000000144522
000000071407
000000439060
000000230567
000000255494
000000187425
000000225271
000000102037
000000120247
000000323536
000000225579
000000112896
000000283825
000000263270
000000011258
000000203655
000000297631
000000519696
000000188440
000000238729
000000233351
000000236336
000000144646
000000274341
000000081966
000000519974
000000156682
000000348302
000000210378
000000340282
000000026747
000000330894
000000377632
000000308175
000000074213
000000511988
000000229449
000000196245
000000131911
000000073361
000000540459
000000137681
000000467753
000000005198
000000542450
000000179155
000000200056
000000055425
000000270172
000000146389
000000064551
000000224753
000000537962
000000543444
000000484668
000000022940
000000189493
000000455860
000000035132
000000163114
000000002823
000000159175
000000036041
000000254218
000000063556
000000555654
000000256951
000000489695
000000552961
000000150769
000000376750
000000273592
000000560270
000000491255
000000463057
000000015409
000000212969
000000167996
000000526337
000000022071
000000297544
000000290246
000000088401
000000562510
000000346445
000000502134
000000079481
000000045923
000000120759
000000499357
000000465638
000000541619
000000401534
000000170902
000000392825
000000088344
000000554488
000000098892
000000155894
000000447345
000000439373
000000043998
000000389137
000000184397
000000237315
000000111777
000000426201
000000558542
000000393362
000000121884
000000465824
000000376972
000000226176
000000185314
000000498508
000000241221
000000103797
000000013364
000000199527
000000270475
000000249675
000000280354
000000309536
000000462813
000000305462
000000507535
000000396412
000000259153
000000482295
000000561888
000000397349
000000126433
000000414113
000000047984
000000162083
000000555118
000000267260
000000400968
000000380588
000000202747
000000340758
000000305277
000000501026
000000089407
000000554326
000000017817
000000094416
000000287341
000000195848
000000102704
000000331057
000000376559
000000351841
000000254176
000000495633
000000344353
000000061951
000000068163
000000575997
000000163011
000000020549
000000278347
000000378030
000000328119
000000270912
000000347989
000000510806
000000418065
000000497415
000000102205
000000565194
000000067085
000000304530
000000425131
000000347962
000000402794
000000353260
000000212920
000000382448
000000504617
000000121493
000000245683
000000146599
000000519053
000000303946
000000062766
000000183964
000000561352
000000580286
000000195225
000000317036
000000347885
000000129223
000000016672
000000162712
000000268622
000000083471
000000226350
000000439896
000000413746
000000171180
000000381556
000000334867
000000560943
000000355967
000000266108
000000289005
000000562106
000000556886
000000330572
000000330614
000000437354
000000475441
000000328449
000000180350
000000200320
000000528566
000000412616
000000398183
000000272940
000000427573
000000431400
000000477563
000000160490
000000285022
000000201252
000000170432
000000500323
000000214876
000000458857
000000222588
000000189645
000000402960
000000398878
000000108677
000000459543
000000231682
000000159409
000000573875
000000325590
000000115151
000000488686
000000028480
000000493339
000000581108
000000111940
000000284950
000000083190
000000364028
000000096790
000000475076
000000357074
000000062958
000000041673
000000044491
000000443604
000000449780
000000164657
000000416303
000000315462
000000020450
000000249869
000000500649
000000405620
000000239000
000000240241
000000011805
000000115355
000000209394
000000522150
000000220894
000000050409
000000458361
000000430763
000000305577
000000152764
000000119304
000000025058
000000523729
000000133166
000000013267
000000148437
000000247919
000000302397
000000364833
000000501698
000000316867
000000398331
000000373700
000000256720
000000479864
000000118674
000000486628
000000090006
000000119053
000000128955
000000065098
000000013325
000000466719
000000127855
000000339734
000000008193
000000522579
000000134165
000000324232
000000358717
000000219200
000000456876
000000126070
000000337087
000000396934
000000180387
000000022683
000000395339
000000382107
000000041745
000000047294
000000185334
000000443056
000000480587
000000384422
000000046473
000000222716
000000340763
000000078425
000000485649
000000423223
000000127067
000000336167
000000372292
000000265967
000000475988
000000106463
000000084649
000000395022
000000426408
000000254632
000000323479
000000516488
000000366414
000000155417
000000397716
000000401291
000000360606
000000550221
000000100563
000000479023
000000305638
000000463279
000000275530
000000286247
000000179650
000000054009
000000519308
000000294587
000000171422
000000398040
000000571237
000000059309
000000170706
000000008311
000000458668
000000065135
000000160549
000000408206
000000555446
000000191457
000000141834
000000047405
000000491492
000000568507
000000292421
000000047084
000000076009
000000431526
000000378611
000000064070
000000229415
000000087672
000000416119
000000061819
000000322350
000000378586
000000269088
000000074975
000000354994
000000266659
000000514245
000000403118
000000510035
000000427166
000000131118
000000575202
000000446661
000000534573
000000036907
000000098479
000000246181
000000030345
000000309599
000000061231
000000094119
000000428460
000000294974
000000198524
000000214059
000000438978
000000397673
000000457724
000000283766
000000009599
000000225174
000000280024
000000209418
000000144831
000000131666
000000165855
000000466301
000000550482
000000031497
000000064317
000000541702
000000511438
000000066014
000000484762
000000333363
000000252132
000000100757
000000080780
000000106430
000000419297
000000416729
000000089092
000000558044
000000456629
000000390496
000000303723
000000362130
000000039685
000000404208
000000009138
000000470398
000000302281
000000078825
000000056065
000000053111
000000409767
000000538170
000000251256
000000380812
000000162223
000000581797
000000393900
000000180505
000000579461
000000052035
000000567240
000000223830
000000024585
000000343166
000000235602
000000243207
000000382400
000000368440
000000361275
000000292112
000000393159
000000555308
000000574114
000000204728
000000206196
000000134914
000000115574
000000354205
000000223121
000000324706
000000302989
000000044842
000000421995
000000138547
000000145551
000000391892
000000492711
000000153167
000000519188
000000087100
000000141927
000000493251
000000128012
000000332097
000000350414
000000397986
000000275380
000000347671
000000315795
000000254242
000000058413
000000323950
000000128957
000000201564
000000530640
000000469798
000000311067
000000176222
000000137127
000000092614
000000340252
000000523346
000000454565
000000052305
000000039277
000000224781
000000269103
000000458448
000000572279
000000124622
000000384603
000000270512
000000564544
000000186740
000000481940
000000113261
000000013000
000000381107
000000379749
000000292055
000000164205
000000102071
000000320911
000000311475
000000487555
000000557578
000000118950
000000080422
000000496933
000000282949
000000576417
000000481049
000000078469
000000513795
000000526043
000000058435
000000211807
000000573085
000000278989
000000300011
000000374135
000000521471
000000245503
000000402880
000000467746
000000429319
000000163054
000000242039
000000240344
000000190338
000000336966
000000409653
000000213534
000000238117
000000072728
000000199243
000000470797
000000471589
000000412011
000000374337
000000176091
000000461450
000000384909
000000482177
000000382607
000000135135
000000017675
000000371244
000000083804
000000345009
000000152461
000000561622
000000305954
000000273559
000000017975
000000156204
000000503028
000000377619
000000154399
000000336107
000000427343
000000005967
000000471008
000000321234
000000405287
000000077504
000000481254
000000292375
000000268084
000000130973
000000077854
000000187111
000000175347
000000546408
000000434381
000000506534
000000348826
000000000542
000000525169
000000453611
000000518305
000000296755
000000330919
000000426680
000000444210
000000337342
000000286336
000000059063
000000355116
000000547796
000000131678
000000302241
000000176732
000000471439
000000214055
000000085488
000000279543
000000294229
000000429573
000000347876
000000235959
000000119551
000000210806
000000070269
000000368479
000000351382
000000535100
000000088802
000000262715
000000092153
000000460045
000000530964
000000396762
000000304866
000000123835
000000022726
000000221322
000000108964
000000025105
000000566938
000000550104
000000430928
000000259553
000000381472
000000376757
000000216304
000000275450
000000233627
000000041588
000000040103
000000276168
000000279451
000000547192
000000190900
000000101310
000000277461
000000015236
000000378268
000000514771
000000196804
000000075267
000000173568
000000264828
000000127360
000000486013
000000155751
000000249543
000000533835
000000543272
000000250226
000000536402
000000321119
000000478783
000000492882
000000404877
000000339094
000000294084
000000179753
000000229605
000000140432
000000507243
000000183412
000000016418
000000186308
000000280643
000000299259
000000060576
000000417822
000000302481
000000011877
000000474390
000000291780
000000206363
000000075898
000000151245
000000298242
000000022218
000000042196
000000035357
000000138891
000000160974
000000448863
000000077707
000000506919
000000293880
000000416718
000000319990
000000559747
000000163723
000000266809
000000303376
000000292763
000000272310
000000047700
000000146582
000000370280
000000265277
000000063820
000000538285
000000218649
000000040201
000000064908
000000499447
000000286101
000000004891
000000165999
000000121618
000000001611
000000531309
000000108210
000000095999
000000511774
000000374818
000000040890
000000560459
000000096106
000000005482
000000512375
000000168475
000000392282
000000158053
000000384700
000000458649
000000325389
000000337784
000000124532
000000221691
000000565699
000000400617
000000337353
000000334868
000000324831
000000419759
000000012183
000000144561
000000250193
000000451863
000000514732
000000127424
000000307567
000000037478
000000565641
000000358756
000000482128
000000199432
000000136235
000000524946
000000415190
000000152470
000000523154
000000529905
000000464032
000000228246
000000347849
000000288317
000000226151
000000448174
000000070868
000000308475
000000543616
000000493626
000000335683
000000100124
000000465395
000000121920
000000186201
000000171378
000000533757
000000096254
000000217302
000000484650
000000466547
000000098943
000000033695
000000522661
000000551327
000000375809
000000273379
000000223315
000000090061
000000486410
000000164076
000000389491
000000385305
000000081768
000000322024
000000068139
000000253532
000000536164
000000331133
000000412220
000000202272
000000535389
000000560055
000000482371
000000376492
000000426383
000000111998
000000272218
000000440344
000000297166
000000536842
000000503606
000000530132
000000465174
000000223129
000000564072
000000014726
000000019725
000000176282
000000286888
000000525249
000000112377
000000139009
000000121562
000000434221
000000290168
000000100331
000000519936
000000572172
000000487260
000000358189
000000553659
000000548662
000000290849
000000255714
000000102851
000000288607
000000020289
000000514619
000000384027
000000382320
000000530069
000000237064
000000574203
000000316571
000000219025
000000136896
000000470618
000000143277
000000569889
000000167033
000000370426
000000467925
000000393097
000000010545
000000311914
000000143921
000000073192
000000381154
000000331524
000000237309
000000166864
000000244349
000000517089
000000509358
000000274022
000000440885
000000172328
000000510617
000000339361
000000094210
000000268023
000000012726
000000065183
000000136131
000000382659
000000225041
000000579938
000000564957
000000257044
000000192866
000000131225
000000472103
000000456042
000000133284
000000467091
000000179164
000000303765
000000053740
000000357289
000000205069
000000405800
000000257232
000000568459
000000344578
000000403464
000000511716
000000000260
000000281285
000000258642
000000530712
000000047742
000000545556
000000125658
000000572791
000000494415
000000091935
000000045026
000000049338
000000562679
000000023793
000000531146
000000553407
000000124765
000000127454
000000580216
000000261118
000000521003
000000425381
000000456039
000000195772
000000285851
000000390000
000000517758
000000453899
000000016513
000000166503
000000355857
000000558124
000000421602
000000222513
000000552159
000000303022
000000526441
000000025847
000000410173
000000432914
000000559701
000000169499
000000561354
000000045059
000000386752
000000064357
000000509620
000000033698
000000575260
000000557084
000000414492
000000307949
000000565875
000000288397
000000274196
000000175020
000000190521
000000000532
000000226326
000000109450
000000155219
000000469975
000000388311
000000086452
000000421314
000000131044
000000195951
000000251230
000000424907
000000249813
000000394527
000000532471
000000354616
000000545128
000000108446
000000362722
000000361480
000000578884
000000167450
000000121535
000000025461
000000144994
000000497274
000000120790
000000561641
000000219802
000000442154
000000330253
000000045366
000000241458
000000149598
000000430808
000000353694
000000083178
000000353485
000000202818
000000520451
000000094015
000000361392
000000295376
000000405131
000000029456
000000387441
000000147303
000000556492
000000546078
000000319747
000000157539
000000307082
000000089126
000000501867
000000396862
000000392136
000000300712
000000370922
000000494749
000000460728
000000151483
000000374360
000000532482
000000159582
000000135345
000000236111
000000319649
000000353473
000000335109
000000393121
000000136563
000000292451
000000396257
000000114101
000000004762
000000280020
000000051965
000000187396
000000066574
000000503834
000000059318
000000082548
000000128351
000000273439
000000554636
000000121454
000000531033
000000358616
000000344935
000000549866
000000389634
000000280339
000000209778
000000519319
000000303608
000000059167
000000200315
000000289231
000000145645
000000259884
000000437892
000000465101
000000145343
000000516105
000000326143
000000346562
000000232047
000000484110
000000337552
000000477800
000000044960
000000033820
000000459997
000000005811
000000084499
000000416186
000000521632
000000435327
000000289352
000000370417
000000427547
000000280898
000000227915
000000027539
000000083482
000000200659
000000042570
000000246423
000000232658
000000384499
000000295695
000000007685
000000235976
000000324124
000000270709
000000150636
000000016814
000000340082
000000492293
000000508565
000000437613
000000496362
000000431376
000000416586
000000450918
000000236267
000000135749
000000481553
000000580906
000000304520
000000169656
000000280883
000000216742
000000432932
000000400251
000000223616
000000526922
000000490489
000000304158
000000026900
000000383131
000000361672
000000160302
000000432593
000000335986
000000103356
000000257243
000000457583
000000253600
000000433081
000000168993
000000073189
000000466942
000000289805
000000532768
000000193121
000000293591
000000084706
000000140661
000000368818
000000387136
000000386633
000000454695
000000095381
000000063845
000000421773
000000203062
000000315622
000000289813
000000431014
000000317169
000000000974
000000440015
000000575978
000000077027
000000276664
000000184377
000000004125
000000561168
000000349376
000000469728
000000415964
000000091675
000000456127
000000051076
000000024257
000000421010
000000011075
000000481200
000000373218
000000030864
000000021801
000000217864
000000070411
000000227484
000000175881
000000090872
000000287970
000000016038
000000258027
000000182551
000000487058
000000061814
000000296769
000000017095
000000472097
000000161937
000000514016
000000178307
000000237230
000000228274
000000393493
000000407768
000000176462
000000436975
000000168803
000000457599
000000540547
000000087735
000000249921
000000391321
000000029241
000000326510
000000188140
000000463325
000000099421
000000106970
000000256742
000000532085
000000401045
000000219338
000000249277
000000201664
000000008292
000000472643
000000390567
000000531778
000000330922
000000484301
000000083060
000000561102
000000072382
000000079143
000000443272
000000100863
000000047198
000000388568
000000095363
000000158167
000000222726
000000464469
000000353588
000000420446
000000547083
000000524471
000000579000
000000236211
000000175238
000000079645
000000414917
000000367767
000000260512
000000015468
000000484281
000000364458
000000007621
000000437353
000000279060
000000271441
000000394659
000000361738
000000267106
000000485614
000000337902
000000223950
000000471107
000000536884
000000030163
000000501634
000000564493
000000089384
000000010211
000000205409
000000083599
000000112031
000000103863
000000472108
000000067568
000000073109
000000013182
000000542426
000000013283
000000442654
000000472376
000000258304
000000027452
000000024081
000000420398
000000140831
000000144115
000000057298
000000235683
000000376436
000000124117
000000083125
000000414877
000000492990
000000304360
000000485413
000000310607
000000324580
000000355603
000000084821
000000129201
000000461189
000000083557
000000576030
000000477025
000000029671
000000267988
000000059868
000000384592
000000007729
000000286010
000000510812
000000426551
000000391548
000000090359
000000358086
000000571848
000000125117
000000436411
000000445338
000000016575
000000272405
000000026665
000000352088
000000018529
000000284756
000000012109
000000392905
000000434389
000000502959
000000229837
000000080960
000000157636
000000352841
000000385494
000000316802
000000102348
000000233868
000000375180
000000378618
000000327047
000000286576
000000452676
000000294397
000000083654
000000469082
000000472169
000000448985
000000333283
000000363624
000000455015
000000490720
000000281262
000000397514
000000258460
000000536109
000000038628
000000145280
000000019719
000000069826
000000029833
000000050609
000000476785
000000074357
000000119247
000000199422
000000439940
000000167964
000000160171
000000370124
000000215012
000000147866
000000072788
000000468722
000000239706
000000173776
000000106351
000000120782
000000447842
000000306108
000000147442
000000140696
000000533800
000000327332
000000308167
000000444392
000000139040
000000381875
000000251379
000000002258
000000576752
000000484273
000000059648
000000034732
000000243442
000000204174
000000010176
000000265233
000000521922
000000128667
000000432414
000000186035
000000075090
000000130749
000000203653
000000550979
000000264514
000000422391
000000409897
000000489475
000000308549
000000395888
000000369603
000000160443
000000403935
000000158718
000000531283
000000536519
000000147042
000000178553
000000516470
000000041710
000000463613
000000133200
000000118748
000000510980
000000038963
000000214106
000000523883
000000428740
000000390001
000000256838
000000301977
000000408846
000000356788
000000202645
000000408805
000000543740
000000295896
000000363023
000000039043
000000314725
000000414249
000000509698
000000290137
000000108430
000000395170
000000497160
000000205121
000000322261
000000063676
000000095854
000000135332
000000252911
000000408568
000000307379
000000067515
000000012711
000000113333
000000181631
000000188017
000000483297
000000484033
000000083658
000000357301
000000397664
000000456730
000000145264
000000376858
000000142825
000000093590
000000534045
000000047752
000000203955
000000562851
000000137699
000000542027
000000488146
000000559252
000000544094
000000341354
000000296139
000000322975
000000026323
000000337422
000000012213
000000351807
000000060387
000000210680
000000360408
000000553534
000000144533
000000525163
000000308327
000000536798
000000574541
000000378183
000000190372
000000074573
000000434370
000000540890
000000109423
000000165707
000000365313
000000477785
000000294035
000000440302
000000009941
000000501116
000000239611
000000301453
000000323322
000000359568
000000060622
000000323467
000000075791
000000501594
000000090560
000000089902
000000381610
000000390017
000000088183
000000449770
000000142847
000000125720
000000080303
000000011449
000000345014
000000079356
000000004130
000000133426
000000342122
000000442506
000000226011
000000443749
000000332159
000000144079
000000481144
000000378147
000000485064
000000168703
000000361222
000000065358
000000533281
000000180085
000000383085
000000147122
000000071726
000000563514
000000280857
000000069536
000000235916
000000046085
000000059949
000000502397
000000244011
000000322402
000000169763
000000445192
000000443999
000000230769
000000426714
000000355622
000000231536
000000248167
000000553871
000000240586
000000159495
000000025974
000000137830
000000422253
000000011360
000000162547
000000443278
000000056752
000000525218
000000543090
000000505126
000000142191
000000383154
000000302740
000000568717
000000328797
000000225183
000000020251
000000576850
000000174989
000000024991
000000212688
000000330650
000000196675
000000150893
000000107960
000000222625
000000525087
000000007772
000000461847
000000066309
000000183949
000000550356
000000227134
000000412101
000000468243
000000406332
000000502148
000000111235
000000423966
000000409220
000000193047
000000381994
000000507570
000000391029
000000453096
000000114335
000000204640
000000214587
000000005745
000000287725
000000490475
000000005755
000000187181
000000261858
000000222324
000000499155
000000075427
000000208824
000000470799
000000264618
000000162230
000000204891
000000124142
000000179242
000000313627
000000248645
000000227265
000000370029
000000457225
000000065024
000000221094
000000036718
000000524786
000000271063
000000109231
000000533799
000000201727
000000215691
000000247465
000000467705
000000131969
000000289866
000000051476
000000563605
000000504499
000000022118
000000259565
000000149230
000000057794
000000304110
000000437789
000000257958
000000528116
000000532610
000000561670
000000113893
000000292183
000000146676
000000141852
000000168609
000000274074
000000272588
000000007735
000000000797
000000575149
000000324342
000000174211
000000509766
000000227433
000000011294
000000496444
000000177090
000000312299
000000156747
000000189278
000000309087
000000084680
000000203400
000000076159
000000371282
000000122913
000000378720
000000397938
000000449681
000000038332
000000088634
000000206377
000000415768
000000435452
000000277073
000000386377
000000559884
000000509891
000000113123
000000360101
000000172158
000000269945
000000058766
000000549496
000000178181
000000230661
000000369470
000000147538
000000122869
000000483027
000000089540
000000255937
000000366927
000000023444
000000138239
000000400507
000000018819
000000071328
000000308739
000000518638
000000472823
000000285998
000000006339
000000437852
000000274784
000000420769
000000260395
000000212782
000000292146
000000090751
000000398045
000000099817
000000102667
000000386640
000000251920
000000193095
000000254714
000000063661
000000407346
000000079069
000000391392
000000044509
000000487851
000000136453
000000119666
000000538588
000000479712
000000531657
000000571764
000000177775
000000298071
000000322239
000000235681
000000426824
000000422192
000000476054
000000515202
000000058106
000000190884
000000532419
000000299381
000000094926
000000251860
000000188973
000000239174
000000422350
000000418964
000000054899
000000329806
000000278660
000000199743
000000104790
000000037868
000000230227
000000144436
000000161084
000000101959
000000334285
000000049860
000000483836
000000126182
000000302551
000000357219
000000032566
000000048759
000000204943
000000141441
000000508818
000000279388
000000426762
000000048037
000000411645
000000300979
000000147972
000000073626
000000422899
000000520898
000000012429
000000097427
000000311691
000000404395
000000474622
000000015085
000000441445
000000236023
000000100975
000000053064
000000199403
000000411941
000000476517
000000123180
000000380115
000000431146
000000531069
000000145180
000000257448
000000047659
000000534070
000000240093
000000098197
000000309292
000000271828
000000029096
000000465697
000000401509
000000315641
000000552066
000000446764
000000203843
000000497698
000000414156
000000468013
000000190043
000000047893
000000438331
000000558166
000000529203
000000513993
000000029426
000000499799
000000403222
000000320290
000000212187
000000374114
000000488406
000000518553
000000315136
000000513999
000000123535
000000071441
000000168121
000000369202
000000229142
000000038274
000000138995
000000301657
000000411690
000000541251
000000446815
000000083283
000000351386
000000482929
000000180964
000000347104
000000571737
000000334291
000000016209
000000488789
000000110392
000000340844
000000064510
000000390723
000000108655
000000554740
000000342342
000000539067
000000304518
000000181179
000000320253
000000084701
000000340537
000000544299
000000223194
000000134278
000000486081
000000292719
000000499007
000000275413
000000336675
000000490016
000000274860
000000162488
000000573349
000000506141
000000400430
000000132313
000000393094
000000503567
000000047481
000000135694
000000575612
000000095517
000000197561
000000439374
000000503250
000000468162
000000309519
000000183884
000000357644
000000505611
000000292901
000000049092
000000297906
000000022158
000000548014
000000098693
000000048150
000000407593
000000088931
000000194752
000000203472
000000203775
000000018563
000000511436
000000470720
000000417588
000000503541
000000173825
000000367619
000000487349
000000464087
000000121366
000000220234
000000070255
000000030752
000000246446
000000498890
000000262229
000000337883
000000148937
000000435187
000000369461
000000385705
000000006016
000000180989
000000561339
000000268570
000000577076
000000470613
000000144660
000000545309
000000205047
000000347505
000000262848
000000547308
000000161941
000000324339
000000044911
000000522868
000000034535
000000525265
000000360374
000000525027
000000480311
000000338741
000000219859
000000374174
000000441387
000000268510
000000071476
000000065336
000000558927
000000049777
000000214725
000000288600
000000496151
000000185125
000000060547
000000191314
000000451287
000000379038
000000511781
000000220655
000000274758
000000230735
000000314376
000000330959
000000091960
000000463616
000000181296
000000027451
000000328372
000000320351
000000372309
000000071603
000000418070
000000513609
000000282479
000000544601
000000002400
000000066507
000000287039
000000171584
000000558656
000000379965
000000472426
000000226080
000000560131
000000505082
000000537844
000000074446
000000324999
000000022113
000000252873
000000533003
000000295655
000000503196
000000273416
000000236714
000000420546
000000085647
000000388962
000000424982
000000081660
000000111406
000000249810
000000314370
000000559047
000000110434
000000219313
000000258026
000000435466
000000282707
000000337833
000000424866
000000500694
000000577507
000000238193
000000397522
000000400940
000000038026
000000056580
000000487757
000000383158
000000104502
000000565310
000000143221
000000294968
000000079628
000000578171
000000549427
000000521480
000000024629
000000295480
000000495014
000000272480
000000208648
000000023315
000000068435
000000344456
000000330054
000000547770
000000003716
000000163175
000000387678
000000541496
000000163852
000000025481
000000455532
000000380932
000000368844
000000575837
000000334197
000000165513
000000525668
000000405361
000000146254
000000266825
000000322634
000000386854
000000385425
000000350278
000000380325
000000553774
000000366316
000000411642
000000014219
000000139192
000000575627
000000545874
000000051465
000000356791
000000255226
000000450378
000000531575
000000215341
000000428305
000000355413
000000022680
000000435929
000000107797
000000554319
000000501138
000000290153
000000433938
000000479358
000000122302
000000063681
000000144809
000000083766
000000005635
000000159446
000000013258
000000234956
000000214984
000000138192
000000156308
000000362718
000000061478
000000102357
000000058464
000000304409
000000266847
000000531552
000000320752
000000268239
000000078782
000000401594
000000393403
000000165960
000000431573
000000279387
000000403398
000000077980
000000345456
000000153880
000000267586
000000487698
000000197651
000000247858
000000541764
000000148240
000000391733
000000310669
000000232661
000000300123
000000573527
000000310703
000000361603
000000262514
000000111543
000000146276
000000160597
000000391016
000000378968
000000556108
000000135149
000000095990
000000002964
000000329726
000000179034
000000004471
000000094842
000000484090
000000192722
000000095283
000000244465
000000013574
000000399276
000000378977
000000005913
000000084158
000000089253
000000299207
000000499164
000000359472
000000469834
000000264699
000000302230
000000391745
000000449705
000000035951
000000309285
000000111737
000000548734
000000038321
000000300542
000000383173
000000560260
000000113504
000000544371
000000553310
000000149645
000000159427
000000115638
000000372112
000000396213
000000526401
000000506808
000000425187
000000042413
000000261670
000000002083
000000398514
000000172087
000000208371
000000390378
000000282130
000000206791
000000488463
000000559395
000000536201
000000511463
000000272132
000000545200
000000315565
000000391976
000000206583
000000560723
000000467256
000000135392
000000143490
000000045071
000000444691
000000414948
000000131207
000000302077
000000148969
000000133688
000000182112
000000026208
000000452782
000000564142
000000527184
000000129801
000000210528
000000082815
000000224505
000000493235
000000432686
000000283383
000000351553
000000441385
000000485770
000000137475
000000567077
000000459113
000000101265
000000222858
000000260883
000000197568
000000520980
000000323116
000000479531
000000177524
000000320812
000000323502
000000275695
000000536950
000000177604
000000472922
000000087286
000000480894
000000520039
000000548713
000000212633
000000357584
000000086708
000000476761
000000099628
000000431228
000000207739
000000239888
000000515072
000000512140
000000286471
000000023541
000000561763
000000137583
000000114917
000000456602
000000498493
000000213457
000000097260
000000246478
000000373753
000000202931
000000097939
000000295693
000000038722
000000356358
000000051851
000000187213
000000359775
000000199876
000000002066
000000347558
000000530781
000000352173
000000308507
000000482514
000000132193
000000395491
000000152238
000000008401
000000032667
000000510949
000000347511
000000057828
000000539746
000000421791
000000102461
000000349017
000000494785
000000337158
000000337354
000000147545
000000481391
000000495641
000000250440
000000048791
000000179763
000000134832
000000276582
000000434264
000000492705
000000205202
000000297604
000000165334
000000078314
000000530876
000000529542
000000182121
000000399512
000000341137
000000163782
000000371758
000000352185
000000158105
000000574014
000000169660
000000395978
000000032244
000000221257
000000405007
000000069675
000000018098
000000132795
000000013670
000000495519
000000064089
000000408660
000000362314
000000489369
000000184703
000000126253
000000145738
000000282855
000000158169
000000202752
000000374685
000000382999
000000036559
000000379771
000000407566
000000124594
000000147073
000000502425
000000530384
000000218558
000000183020
000000431708
000000519738
000000328008
000000365918
000000341010
000000261342
000000568082
000000570138
000000433296
000000214274
000000253674
000000194510
000000172173
000000361208
000000511279
000000472130
000000361746
000000186165
000000167693
000000344174
000000580461
000000463785
000000213356
000000480663
000000358048
000000535579
000000338248
000000427767
000000234220
000000097733
000000206083
000000532810
000000186145
000000301764
000000042862
000000528019
000000417586
000000445306
000000119966
000000321242
000000467137
000000423039
000000426202
000000217151
000000507017
000000577623
000000457824
000000577979
000000275613
000000317838
000000039814
000000503616
000000504257
000000183007
000000183811
000000006936
000000365366
000000452695
000000029538
000000021963
000000417164
000000214463
000000319350
000000026162
000000116663
000000313705
000000532286
000000353543
000000313116
000000193481
000000188479
000000364561
000000039040
000000143089
000000283323
000000275642
000000286124
000000384883
000000183982
000000405660
000000551793
000000108548
000000167189
000000576247
000000167506
000000502311
000000385589
000000192816
000000049673
000000555627
000000116334
000000487957
000000110724
000000438844
000000022032
000000538420
000000028007
000000079632
