000000335857
000000413092
000000361275
000000086133
000000336040
2009_000779
000000106351
2009_000504
000000395527
000000299794
000000103430
006643
000000516712
000000036652
2008_008757
000000283743
000000442206
000000546114
000000414670
000000116037
000000145734
000000581668
000000546658
000000478683
000000238933
000000225363
000000490317
000000080943
000000405561
000000062244
000000467956
000000076654
000000112358
000000099073
2011_001246
000000074780
2008_001823
000000324400
000000037017
000000154680
000000554541
000000297770
000000571916
2008_007496
000000555296
2010_000052
000000280857
000000201492
2008_002668
2008_000839
004200
000000513064
003627
000000446093
000000474031
000000342650
000000503155
000000477079
000000499480
000000231381
000000443864
000000412301
000000478090
000000248194
000000171012
000000573001
000000146503
000000218982
000000199943
000000221891
000000251365
000000432138
000000129041
000000236074
000000151236
000000377412
000000403078
000000052938
000000244365
000000200206
000000052284
000000235916
000000492817
000000127615
2009_000745
000000397173
000000238187
000000491061
000000132132
000000214563
000000053756
000000192554
000000115912
000000372807
004341
000000440074
000000114317
009189
000000410096
000000040596
000000258472
000000333862
000000451707
000000038891
2008_004532
000000501995
000000518481
000000389249
000000037124
000000398130
000000076100
2008_007618
000000094381
000000575307
000000157199
000000219935
000000580461
000000036098
000000215847
000000518383
2008_006244
000000560052
000000457684
000000518511
000000082411
2008_004946
000000072429
000000113845
000000355603
2008_005436
000000551472
000000155323
000000493846
000000430788
000000010858
000000334852
000000299100
000000446726
000000196766
000000493659
2011_000789
000000346672
000000050753
000000032695
000000209133
000000407992
000000433232
000000235595
000000174012
000000190052
000000074975
000000266961
000000038546
000000356086
000000458549
000000120826
000000375573
000000071826
000000262274
000000116696
000000314254
000000360205
000000067974
000000536562
000000458857
000000380780
000000570418
000000299618
000000076962
000000313206
000000406725
000000462386
000000448969
000000241388
000000376366
000000056651
000000363549
000000032674
000000321092
000000330262
002578
000000101479
000000171142
2008_008241
000000095337
000000009408
000000146700
000000516034
000000443952
000000302789
000000331790
000000254520
000000290168
000000018794
000000511716
000000522554
2010_003944
000000187278
000000494456
000000465877
000000227241
000000426880
000000381826
2008_004257
000000554859
000000183884
000000182812
005440
000000402973
000000174496
2011_001600
000000043719
000000214574
000000419466
2008_001542
000000448463
000000514294
000000198054
000000022775
000000154869
000000436662
000000313381
000000439445
000000246478
000000365194
000000563658
000000117899
000000471658
000000451356
000000578347
000000209449
000000448861
000000522285
2010_005669
000000386043
000000455252
000000200348
000000454068
000000579206
000000276842
000000117179
000000008396
000000282711
000000135348
000000324340
2011_002738
000000008292
000000202527
008062
2011_001107
000000357303
2010_000111
2010_002191
000000065087
000000100319
000000095210
002669
000000451667
000000398622
000000126631
000000503640
000000462984
000000368476
2011_001123
000000332912
000000079680
000000097825
000000044472
000000059352
000000378214
000000471113
000000562381
000000313647
000000372182
000000229837
000000150126
000000101877
000000443641
000000379340
2008_000934
000000396691
000000105134
000000463724
000000438623
000000137029
000000365792
000000168833
000000058231
000000123359
000000006522
000000170976
000000124859
000000160968
000000471376
000000068778
000000176716
000000009999
000000317514
000000038769
000000507875
000000026162
000000556246
000000299722
000000139249
000000256535
000000483569
000000534428
000000010005
000000063953
008692
2008_007085
000000494007
000000286619
000000437892
000000048939
000000458950
000000220292
000000576850
000000366025
000000243446
000000037323
000000237100
2009_002145
000000237357
000000518524
000000290846
2010_000978
000000178236
000000431164
000000461491
2008_006366
000000106046
000000282707
007390
000000382625
000000200778
000107
000000158053
000000239670
2008_002650
000000167467
000000458134
000000552961
000000014004
000000377084
000000211408
000000475295
000000308878
000000360211
2010_000667
000000307800
000000161010
000000416851
002472
000000167696
000000574645
000000246231
000000232550
2009_002238
000000091942
000000046104
000000314741
000000059454
000000140690
000000230428
000000259434
000000429063
000000521994
000000172556
000000355462
000000509394
000000418989
2008_002464
000000408610
000000363581
000000574497
000000179122
000000511786
2010_000103
000000100801
000000181576
000000101033
000000237225
008926
000000200572
000000162223
000000063676
000000207500
2011_001464
000000422636
000000306561
000000335534
000000059906
2008_008590
000000178053
000000264504
005851
000000440212
000000396194
000000232432
000000115113
000000463778
2008_006034
000000028930
000000237818
000000133294
000000386497
2010_003143
000000457822
000000529624
2011_002436
000000198600
000000320780
000000166716
000000370827
000000387360
000000416315
000000181030
000000448061
004247
000000499634
000000326256
000000389777
000000458856
008509
000000570001
000000426551
000000198414
000000089629
000000408239
000000126538
000000346295
2008_007390
000000378905
000000564411
000000451275
000000114316
000000111148
2009_004440
000000052383
000000245996
000000549885
000000574720
000000000192
000000272129
000000581572
002609
000000143263
2011_001607
000000553184
000000036425
000000171546
000000517946
2010_003725
008592
000000352841
000000415964
000000355357
000000531803
000000038910
2011_002584
000000089651
004991
000000283333
000000297522
2010_001077
000000079846
000000070987
000000223384
2008_008434
2008_006703
000000281285
000000446945
000000443592
000000404766
000000147337
000000404229
000000013332
000000513727
2010_000023
000000529715
000000155775
000000059973
000000328255
000000559086
000000004859
000000079645
2010_006062
000000501612
000000549347
2008_001625
000000575128
2010_000603
000000477392
000000358190
2009_001363
000000274632
000000041700
000000519795
000000225916
000000177977
000000572110
000000533041
000000506198
000000476950
000000051168
003994
000000099179
000000109986
000000556089
000000347328
000000303311
000000343734
000000262508
000000063381
2010_003938
000000199989
000000363522
000000348047
000822
000000063079
000000399138
000000021622
000000431342
000000408351
000000121366
000000569526
000000286132
000000429873
000000003366
000000219544
000000174157
000000085098
000000146237
000000141952
000000038290
000000242116
000000135483
000000487555
000000093068
000000581392
000000115804
000000073387
000000299489
000000387601
000000403826
000000024990
2010_004095
000000502554
000000010711
000000326892
000000050961
000000099086
000000215889
000000576247
000000226383
002308
000000311902
000000119036
000000530686
000000438575
000000128102
000000524601
006956
000000346132
000000396143
000000009929
000000421437
000000183990
000000264365
000000388824
2008_007350
000000072650
000000545072
000000038900
2009_004289
000000167741
000000086448
000000007072
000000333721
000000418726
000000316575
000000306585
000000150185
000000445298
2009_000225
000000243962
000000112437
000000183394
000000453167
