000000335857
000000413092
000000361275
000000086133
000000336040
2009_000779
000000106351
2009_000504
000000395527
000000299794
000000103430
006643
000000516712
000000036652
2008_008757
000000283743
000000442206
000000546114
000000414670
000000116037
000000145734
000000581668
000000546658
000000478683
000000238933
000000225363
000000490317
000000080943
000000405561
000000062244
000000467956
000000076654
000000112358
000000099073
2011_001246
000000074780
2008_001823
000000324400
000000037017
000000154680
000000554541
000000297770
000000571916
2008_007496
000000555296
2010_000052
000000280857
000000201492
2008_002668
2008_000839
004200
000000513064
003627
000000446093
000000474031
000000342650
000000503155
000000477079
000000499480
000000231381
000000443864
000000412301
000000478090
000000248194
000000171012
000000573001
000000146503
000000218982
000000199943
000000221891
000000251365
000000432138
000000129041
000000236074
000000151236
000000377412
000000403078
000000052938
000000244365
000000200206
000000052284
000000235916
000000492817
000000127615
2009_000745
000000397173
000000238187
000000491061
000000132132
000000214563
000000053756
000000192554
000000115912
000000372807
004341
000000440074
000000114317
009189
000000410096
000000040596
000000258472
000000333862
000000451707
000000038891
2008_004532
000000501995
000000518481
000000389249
000000037124
000000398130
000000076100
2008_007618
000000094381
000000575307
000000157199
000000219935
000000580461
000000036098
000000215847
000000518383
2008_006244
000000560052
000000457684
000000518511
000000082411
2008_004946
000000072429
000000113845
000000355603
2008_005436
000000551472
000000155323
000000493846
000000430788
000000010858
000000334852
000000299100
000000446726
000000196766
000000493659
2011_000789
000000346672
000000050753
000000032695
000000209133
000000407992
000000433232
000000235595
000000174012
000000190052
000000074975
000000266961
000000038546
000000356086
000000458549
000000120826
000000375573
000000071826
000000262274
000000116696
000000314254
000000360205
000000067974
000000536562
000000458857
000000380780
000000570418
000000299618
000000076962
000000313206
000000406725
000000462386
000000448969
000000241388
000000376366
000000056651
000000363549
000000032674
000000321092
000000330262
002578
000000101479
000000171142
2008_008241
000000095337
000000009408
000000146700
000000516034
000000443952
000000302789
000000331790
000000254520
000000290168
000000018794
000000511716
000000522554
2010_003944
000000187278
000000494456
000000465877
000000227241
000000426880
000000381826
2008_004257
000000554859
000000183884
000000182812
005440
000000402973
000000174496
2011_001600
000000043719
000000214574
000000419466
2008_001542
000000448463
000000514294
000000198054
000000022775
000000154869
000000436662
000000313381
000000439445
000000246478
000000365194
000000563658
000000117899
000000471658
000000451356
000000578347
000000209449
000000448861
000000522285
2010_005669
000000386043
000000455252
000000200348
000000454068
000000579206
000000276842
000000117179
000000008396
000000282711
000000135348
000000324340
2011_002738
000000008292
000000202527
008062
2011_001107
000000357303
2010_000111
2010_002191
000000065087
000000100319
000000095210
002669
000000451667
000000398622
000000126631
000000503640
000000462984
000000368476
2011_001123
000000332912
000000079680
000000097825
000000044472
000000059352
000000378214
000000471113
000000562381
000000313647
000000372182
000000229837
000000150126
000000101877
000000443641
000000379340
2008_000934
000000396691
000000105134
000000463724
000000438623
000000137029
000000365792
000000168833
000000058231
000000123359
000000006522
000000170976
000000124859
000000160968
000000471376
000000068778
000000176716
000000009999
000000317514
000000038769
000000507875
000000026162
000000556246
000000299722
000000139249
000000256535
000000483569
000000534428
000000010005
000000063953
008692
2008_007085
000000494007
000000286619
000000437892
000000048939
000000458950
000000220292
000000576850
000000366025
000000243446
000000037323
000000237100
2009_002145
000000237357
000000518524
000000290846
2010_000978
000000178236
000000431164
000000461491
2008_006366
000000106046
000000282707
007390
000000382625
000000200778
000107
000000158053
000000239670
2008_002650
000000167467
000000458134
000000552961
000000014004
000000377084
000000211408
000000475295
000000308878
000000360211
2010_000667
000000307800
000000161010
000000416851
002472
000000167696
000000574645
000000246231
000000232550
2009_002238
000000091942
000000046104
000000314741
000000059454
000000140690
000000230428
000000259434
000000429063
000000521994
000000172556
000000355462
000000509394
000000418989
2008_002464
000000408610
000000363581
000000574497
000000179122
000000511786
2010_000103
000000100801
000000181576
000000101033
000000237225
008926
000000200572
000000162223
000000063676
000000207500
2011_001464
000000422636
000000306561
000000335534
000000059906
2008_008590
000000178053
000000264504
005851
000000440212
000000396194
000000232432
000000115113
000000463778
2008_006034
000000028930
000000237818
000000133294
000000386497
2010_003143
000000457822
000000529624
2011_002436
000000198600
000000320780
000000166716
000000370827
000000387360
000000416315
000000181030
000000448061
004247
000000499634
000000326256
000000389777
000000458856
008509
000000570001
000000426551
000000198414
000000089629
000000408239
000000126538
000000346295
2008_007390
000000378905
000000564411
000000451275
000000114316
000000111148
2009_004440
000000052383
000000245996
000000549885
000000574720
000000000192
000000272129
000000581572
002609
000000143263
2011_001607
000000553184
000000036425
000000171546
000000517946
2010_003725
008592
000000352841
000000415964
000000355357
000000531803
000000038910
2011_002584
000000089651
004991
000000283333
000000297522
2010_001077
000000079846
000000070987
000000223384
2008_008434
2008_006703
000000281285
000000446945
000000443592
000000404766
000000147337
000000404229
000000013332
000000513727
2010_000023
000000529715
000000155775
000000059973
000000328255
000000559086
000000004859
000000079645
2010_006062
000000501612
000000549347
2008_001625
000000575128
2010_000603
000000477392
000000358190
2009_001363
000000274632
000000041700
000000519795
000000225916
000000177977
000000572110
000000533041
000000506198
000000476950
000000051168
003994
000000099179
000000109986
000000556089
000000347328
000000303311
000000343734
000000262508
000000063381
2010_003938
000000199989
000000363522
000000348047
000822
000000063079
000000399138
000000021622
000000431342
000000408351
000000121366
000000569526
000000286132
000000429873
000000003366
000000219544
000000174157
000000085098
000000146237
000000141952
000000038290
000000242116
000000135483
000000487555
000000093068
000000581392
000000115804
000000073387
000000299489
000000387601
000000403826
000000024990
2010_004095
000000502554
000000010711
000000326892
000000050961
000000099086
000000215889
000000576247
000000226383
002308
000000311902
000000119036
000000530686
000000438575
000000128102
000000524601
006956
000000346132
000000396143
000000009929
000000421437
000000183990
000000264365
000000388824
2008_007350
000000072650
000000545072
000000038900
2009_004289
000000167741
000000086448
000000007072
000000333721
000000418726
000000316575
000000306585
000000150185
000000445298
2009_000225
000000243962
000000112437
000000183394
000000453167
000000094453
2008_000689
000000036049
000000117454
2008_000149
000000555625
000000336563
000000194532
007045
000000045942
000000554621
000000110484
000000361291
2008_008439
000000193863
008499
000000168963
000000537335
000000291189
000000363389
001497
000000426348
000000299259
000000439053
000000250951
000000093264
000000489207
000000169089
2011_001653
000000426733
000000344902
000000092894
000000171269
000000026576
000000288106
000000362951
000000321511
000000366028
000000258905
000000408484
000000223790
2009_005193
2011_001229
000000054750
000000501418
000000372723
000000316942
000000082523
000000372430
000000398525
000000195281
000000239881
000000244822
000000384598
000000579065
000000564074
2011_000759
000000524317
000000335767
000000214030
000000157811
000000081447
000000559252
000000191340
000000509225
000000419297
003546
000000470862
009193
000000138207
000000169198
000000072947
000000381664
000000107004
000000112604
000000067127
000000316181
000000407509
000000413811
2009_000452
006645
000000085236
000000006847
000000321195
004612
000000378482
000000179405
000000293265
000000366058
000000270558
000000535753
2010_006057
000000395480
000000012357
000000403571
000000282251
000000074223
000000003124
000000472146
000000189083
000000322177
000000076762
2011_002063
000000208945
000000267164
000000091310
000000161941
000000262148
000000158326
2010_005463
000000323370
000000542412
000000253718
000000295196
2008_000345
000000139789
000000441906
000000522807
000000138656
000000543762
000000213305
000000122954
000000117690
000000561453
2009_003961
005586
000000484690
000000359472
000000133622
000000416103
000000309104
000000548953
000000151493
000000159954
000000036850
000000059232
000000159714
000000491793
000000580248
000000485406
2010_002452
000000284406
2009_004141
000000014244
000000200812
000000556752
000000531860
000000187119
000000432417
000000322080
000000156396
000000359364
000000490462
000000439084
2009_004623
2008_004270
2010_004627
000000525705
000000124004
000000314420
000000257382
000000517889
000000462908
000000288609
000000113313
000000435358
2011_001716
000000437129
000000050389
2011_002159
000000518769
000000180539
2009_002165
2011_001126
000000533166
000000498949
000000492293
000000519203
000000183166
000000345535
000000129129
000000124907
000000189561
2011_003041
000000334019
000000455156
000000457123
000000147624
000000207019
000000076246
2009_003509
000000268654
2008_003978
000000158989
000000401589
000000478304
000000581731
000000501369
000000509590
000000079792
000000441858
000000264454
000000532577
000000099040
000000118867
009619
000000394190
000000341143
000000501085
000000236760
000000023541
000000487851
000000141414
000000207980
000000115400
000000307197
000000236295
000000421144
000000007228
000000557315
000000009045
000000555538
000000494346
000000242345
000000032513
000000418882
000000006042
000000128929
000000020640
2010_000422
2009_002239
000000538413
001598
000000189095
000000392615
000000283849
2010_000876
2010_000043
000000069286
000000355717
000000442231
000000532583
2010_005647
000000487914
000000411295
000000220951
000000062896
000000533978
002323
000000462997
000000466403
000000525075
000000080652
000000095854
000000150812
000000456724
000000412136
000000400033
000000208845
000000049478
000000244965
000000048332
000000458727
000000051484
000000344744
000000288023
000000379462
000000202918
000000319693
000000379645
002785
000000308172
000000202118
000000095363
000000418373
002172
000000060034
000000235906
000000212646
000000387678
000000446301
000000382693
000000130132
000000022799
000000101265
000000339054
000000546584
000000445815
000000558190
000000243120
000000288471
000000091581
2010_002845
000000295103
000000407685
000000070724
000000478977
000000504298
000000138589
000000259087
000000539124
000000023251
000000289621
006833
000000180764
000000465404
2009_004186
000000363433
2008_004462
000000481214
000000220654
2008_005719
000000185091
000000473403
000000534334
000000081100
000000061326
000000152505
000000499760
2010_003343
000000460392
000000423613
000000319848
000000368629
000000402326
000000379402
2010_002224
000000423837
000000413822
000000359059
000000262204
000000033297
000000332221
000000319134
2009_001249
000000060915
000000198751
000000172425
008437
000000115305
000000106470
009337
000000244557
000000425822
000000032082
000000140006
000000309915
2008_002709
000000271568
000000482929
000000385916
000000185792
000000536366
000021
000000513266
2009_001369
2008_005889
000000024234
000000026024
000000077154
000000349376
000000520237
000000462847
000000324483
000000484414
2009_000691
000000051639
000000334758
000000098510
000000060167
2008_007558
004052
000000022626
000000147073
000000358616
000000426158
008939
000000276644
000000423919
004652
000000224907
000000283863
2008_004907
000000475372
000000167443
000000181057
000000401561
000000349322
000000220367
000000234910
000000576030
000000418180
000000194043
000000403489
000000062557
000000268340
000000194847
000000109766
000000146910
2010_004542
000000275190
000000355678
000000000542
008138
000000108442
000000051525
000000286042
000000135538
001484
000000425481
000000552947
000000176509
000000321344
000000560472
000000149738
000000185546
000000487783
000000482885
000000552305
000000105800
000000253831
000000099341
000000305259
000000489719
000000237143
000000034121
000000204640
000000508292
000000434962
000000136687
000000479081
000000502630
000876
000628
000000379585
000000366048
000000487548
000000164262
000000178426
000000180662
000000138069
000000366139
2009_004513
000000239205
000000318284
000000214888
000000324104
000000351528
000000472041
000000126027
000000423455
000000279066
000000105683
2009_004539
000000567837
2010_002218
000000058684
001539
2009_003172
000000448176
000000483074
000000006437
000000146313
000000192440
000000324018
000000375728
000000453800
000000011461
000000358730
000000228518
000000337902
000000468253
000000466265
000000492040
2009_002573
000000485239
000000327664
000000488571
000000325416
000000246688
000000092288
000000164863
000000566175
000000390756
000000234994
000000495199
000000253580
000000366822
000000476773
000000213095
000000039598
000000285360
2010_004456
000000142299
2009_002366
000000517140
000000254194
000000457275
000000295461
000000213674
2008_007912
000730
2008_003286
2008_008533
2009_002558
000000425874
000000517306
006799
000000531552
000000353398
000000381923
000000228461
000000571764
000000154354
000000157931
000000154888
000000337536
000000549936
000000349614
000000314855
000000384983
000000506394
000000302102
000000331919
2008_004526
000000442416
000000555494
000000004705
2010_002583
000000112582
000000578866
004722
000000015684
007586
2008_008641
000000506058
000000135694
000000086439
000000360658
000000421873
000000175439
000000171371
000000498533
2010_005688
000000232598
000000161084
000000569353
005136
000000312003
000000427762
000000218305
000000229969
000000017352
000000299116
000000066878
000000475275
000000449195
000000561027
000000000154
000000076578
2008_006158
000794
000000502262
000000342549
2008_004306
000000390288
000000337607
000000515202
000000075708
000000096596
000000060604
2011_000061
000000417315
000000523034
000000166356
000000012321
2008_004705
000000532565
000000056896
000000484281
000000138975
000000525360
000000334845
000000384231
000000251370
000000071232
000000067269
2010_001464
000000210259
000000484587
