000000529137
000000523007
000000274688
000000429809
000000254948
000000287656
000000154754
000000351850
000000257625
000000128482
000000315339
000000569298
000000423540
000000243153
000000512944
000000072681
000000565149
000000430577
000000399971
000000245697
000000030856
000000091394
000000237798
000000237850
000000573065
000000043856
000000341539
000000032603
000000534391
000000058714
000000203599
000000114801
000000086086
000000351888
000000377342
000000088730
000000448826
000000576188
000000363333
000000046544
000000245817
000000064827
000000194027
000000019789
000000199720
000000494257
000000537097
000000365775
000000030109
000000053825
000000400409
000000580695
000000158451
000000342469
000000238227
000000432616
000000462504
000000537543
000000332591
000000424607
000000056786
000000355398
000000314398
000000333895
000000208752
000000058630
000000021983
000000293979
000000339108
000000111967
000000349658
000000534555
000000462027
000000511455
000000326350
000000055747
000000061498
000000548802
000000182905
000000116431
000000165199
000000513188
000000422064
000000494617
000000456640
000000272365
000000457781
000000058343
000000499771
000000165319
000000554464
000000102706
000000411669
000000237861
000000166386
000000492489
000000498702
000000337675
000000210286
000000444445
000000561913
000000453682
000000123614
000000230863
000000370851
000000300684
000000124841
000000317193
000000113617
000000185965
000000161333
000000556669
000000053913
000000299932
000000148639
000000479314
000000184218
000000249076
000000464789
000000044901
000000421187
000000041343
000000246875
000000073212
000000015122
000000411009
000000209027
000000430351
000000474255
000000110693
000000270865
000000486471
000000404024
000000423019
000000114027
000000551752
000000194845
000000075841
000000543817
000000474423
000000148781
000000216771
000000407061
000000131511
000000283859
000000143630
000000551466
000000509255
000000217486
000000119494
000000171997
000000516840
000000224197
000000499523
000000271396
000000073513
000000197827
000000261788
000000363037
000000023480
000000118827
000000305219
000000177807
000000346168
000000072850
000000236475
000000503717
000000288943
000000351749
000000405210
000000392711
000000449179
000000464474
000000171808
000000489818
000000108879
000000308783
000000178112
000000463758
000000579419
000000252470
000000343200
000000516697
000000230554
000000123544
000000367605
000000325495
000000258160
000000169094
000000424482
000000370120
000000070288
000000200910
000000152633
000000501210
000000557952
000000565600
000000502712
000000408718
000000490126
000000109746
000000296424
000000505701
000000206044
000000123038
000000115854
000000209844
000000219385
000000041231
000000445454
000000437831
000000149812
000000041413
000000257387
000000484313
000000173546
000000041740
000000576286
000000367519
000000307266
000000387349
000000503806
000000293233
000000424165
000000567827
000000285588
000000118848
000000157942
000000068211
000000374717
000000015546
000000153921
000000306456
000000472502
000000378786
000000145231
000000426807
000000273069
000000078517
000000245566
000000363102
000000538113
000000237561
000000283835
000000374924
000000004020
000000520457
000000522234
000000458147
000000519950
000000167348
000000163350
000000532449
000000492943
000000276696
000000068700
000000141519
000000064314
000000198735
000000299679
000000005614
000000420861
000000130122
000000289012
000000045284
000000083174
000000109971
000000520434
000000068581
000000380482
000000079503
000000035552
000000221625
000000493278
000000254327
000000489186
000000378521
000000513124
000000576963
000000485689
000000334703
000000000368
000000085948
000000504170
000000505932
000000079957
000000454282
000000558221
000000130607
000000142225
000000411620
000000109522
000000460491
000000090169
000000014876
000000447330
000000033773
000000054149
000000421150
000000243268
000000292727
000000185243
000000184275
000000065404
000000080293
000000432884
000000507665
000000491323
000000110136
000000523358
000000285911
000000445754
000000163553
000000382664
000000228209
000000272160
000000068895
000000251937
000000300772
000000065500
000000574155
000000215273
000000062613
000000228664
000000455523
000000335359
000000024352
000000405435
000000265139
000000516582
000000059542
000000505924
000000469559
000000339283
000000359497
000000089124
000000492495
000000560787
000000162578
000000453689
000000329394
000000070161
000000170227
000000384617
000000041962
000000567357
000000578307
000000278297
000000419689
000000373177
000000064071
000000360857
000000091041
000000042122
000000555534
000000257498
000000014502
000000315487
000000344187
000000265553
000000542630
000000388641
000000375321
000000185258
000000052094
000000281503
000000581297
000000194346
000000516782
000000327217
000000236078
000000272790
000000432683
000000529248
000000481168
000000413615
000000295241
000000267329
000000549804
000000338018
000000099229
000000210431
000000083635
000000363386
000000247224
000000299850
000000284498
000000326190
000000577378
000000310702
000000362438
000000422341
000000401580
000000418074
000000476341
000000504318
000000026829
000000156069
000000339006
000000417616
000000372876
000000533529
000000181906
000000455400
000000418087
000000554301
000000001966
000000546518
000000212887
000000276420
000000391237
000000347571
000000036373
000000022811
000000228413
000000222555
000000469056
000000264511
000000425200
000000062226
000000412756
000000168943
000000413382
000000364160
000000086292
000000482446
000000193682
000000084276
000000533396
000000526953
000000035818
000000328161
000000215719
000000155862
000000547513
000000230707
000000049508
000000277389
000000322755
000000195978
000000429039
000000385934
000000540457
000000029964
000000112922
000000018559
000000332013
000000213577
000000040100
000000561488
000000399282
000000540317
000000010230
000000529964
000000455665
000000054868
000000528517
000000012069
000000519533
000000318241
000000147444
000000046315
000000517084
000000020389
000000454158
000000267499
000000451184
000000404127
000000019318
000000306890
000000197585
000000508269
000000166310
000000084013
000000467461
000000377914
000000007809
000000518957
000000231997
000000558900
000000173482
000000215077
000000149615
000000048289
000000487642
000000460039
000000299351
000000401369
000000072266
000000017181
000000125098
000000349960
000000527388
000000240912
000000572879
000000371532
000000105021
000000039682
000000572348
000000492259
000000215107
000000488032
000000245002
000000329664
000000150981
000000395318
000000103966
000000184463
000000004377
000000112720
000000380325
000000136992
000000559350
000000316914
000000473928
000000458752
000000143944
000000190645
000000143158
000000424278
000000559522
000000171109
000000513456
000000366967
000000214373
000000316807
000000321318
000000276062
000000140209
000000515392
000000259186
000000113970
000000385795
000000324366
000000156836
000000341186
000000160694
000000342401
000000564552
000000429829
000000321849
000000450800
000000085028
000000014795
000000545493
000000542799
000000283678
000000549910
000000134858
000000166420
000000445425
000000078466
000000020090
000000207943
000000555781
000000309916
000000338501
000000508053
000000549496
000000318995
000000186109
000000247166
000000361420
000000546864
000000330341
000000575305
000000273850
000000313541
000000338087
000000565115
000000389048
000000070975
000000159993
000000418178
000000211079
000000441032
000000111121
000000132476
000000080279
000000416810
000000103137
000000207668
000000491430
000000254244
000000408923
000000094382
000000125036
000000145757
000000189304
000000448521
000000321346
000000105516
000000383756
000000014938
000000111756
000000535212
000000138977
000000568471
000000080430
000000150477
000000406982
000000520769
000000226747
000000527446
000000089741
000000318783
000000500390
000000023098
000000455543
000000223718
000000443505
000000228326
000000242213
000000315101
000000082381
000000400440
000000213669
000000002007
000000388865
000000089093
000000416625
000000463649
000000355902
000000277237
000000152844
000000100222
000000013717
000000473206
000000302595
000000095533
000000109950
000000259187
000000163828
000000491287
000000050470
000000097864
000000408272
000000318310
000000416355
000000053360
000000495477
000000567713
000000045624
000000096250
000000488634
000000368521
000000175252
000000456637
000000401768
000000255941
000000274768
000000274437
000000123731
000000146294
000000114954
000000091868
000000236087
000000398099
000000250800
000000376912
000000510919
000000396186
000000528305
000000307970
000000309153
000000347604
000000517251
000000401617
000000443684
000000540287
000000211283
000000430934
000000430532
000000459951
000000042166
000000281105
000000162930
000000360114
000000157693
000000029752
000000186611
000000363117
000000092627
000000238963
000000275170
000000181682
000000179997
000000076636
000000564627
000000185486
000000275775
000000174391
000000267289
000000202171
000000423479
000000444274
000000157049
000000416482
000000529303
000000253072
000000338173
000000060904
000000176938
000000131865
000000359686
000000400602
000000331425
000000350513
000000218652
000000491900
000000449119
000000004139
000000013670
000000284366
000000549237
000000371848
000000503906
000000036086
000000137832
000000258478
000000289816
000000049240
000000028924
000000171472
000000564496
000000192982
000000365419
000000093789
000000061358
000000474984
000000205384
000000138569
000000309261
000000471222
000000347133
000000320609
000000314357
000000228677
000000161328
000000574034
000000506061
000000111972
000000557811
000000311784
000000413391
000000450903
000000338214
000000362145
000000153224
000000552184
000000259542
000000545088
000000031612
000000570440
000000242712
000000459006
000000326569
000000413918
000000372180
000000167062
000000542745
000000157239
000000311436
000000249805
000000211678
000000372980
000000000431
000000196529
000000532589
000000052208
000000220366
000000461286
000000489121
000000025777
000000307475
000000511843
000000286406
000000148587
000000092269
000000508840
000000164462
000000207647
000000369681
000000180818
000000299394
000000300383
000000232049
000000465530
000000242453
000000064036
000000551936
000000553046
000000260415
000000157920
000000500281
000000131522
000000408040
000000033874
000000526968
000000436394
000000431933
000000090573
000000126255
000000445249
000000192513
000000410933
000000360452
000000362065
000000326628
000000030303
000000170601
000000193824
000000579414
000000361303
000000059262
000000209701
000000367982
000000277426
000000456433
000000228042
000000336002
000000474168
000000345634
000000018270
000000536969
000000420398
000000375153
000000080215
000000214371
000000161028
000000289901
000000101842
000000210848
000000475037
000000185945
000000150331
000000389226
000000054351
000000325494
000000551676
000000479496
000000358176
000000153204
000000147134
000000243851
000000373575
000000443634
000000178207
000000241208
000000455776
000000067548
000000328628
000000238712
000000471966
000000228611
000000401885
000000225607
000000491581
000000423481
000000413892
000000495536
000000568210
000000440592
000000581018
000000128963
000000125769
000000063334
000000124571
000000291540
000000207556
000000086378
000000068367
000000342135
000000543480
000000151351
000000376165
000000037662
000000025755
000000185080
000000066266
000000415458
000000138401
000000404226
000000487204
000000317149
000000472027
000000464030
000000234006
000000544913
000000557586
000000400535
000000565360
000000573360
000000167908
000000246390
000000466505
000000568009
000000269022
000000104075
000000065880
000000119994
000000049120
000000239769
000000070812
000000056848
000000522256
000000147543
000000503689
000000227495
000000350837
000000533258
000000036498
000000194941
000000581409
000000018704
000000408373
000000149388
000000235073
000000240490
000000377901
000000457274
000000178000
000000471762
000000500183
000000011015
000000253264
000000350170
000000419076
000000279457
000000144906
000000354063
000000088757
000000149394
000000060158
000000094150
000000118745
000000007503
000000258505
000000522758
000000557855
000000357413
000000351451
000000468284
000000106851
000000419650
000000288236
000000127268
000000231748
000000159929
000000171737
000000450477
000000239849
000000357967
000000237282
000000472439
000000167903
000000154329
000000177957
000000331858
000000034074
000000220115
000000562325
000000072095
000000284150
000000196931
000000570601
000000048489
000000581495
000000502212
000000428896
000000423290
000000513015
000000357088
000000191382
000000285292
000000035589
000000335660
000000033305
000000506550
000000493294
000000095493
000000120407
000000414868
000000305175
000000406659
000000153965
000000101503
000000089598
000000559553
000000465941
000000208006
000000507460
000000219535
000000461509
000000533454
000000440652
000000211281
000000073999
000000033488
000000002560
000000292116
000000410107
000000464603
000000168090
000000354846
000000194694
000000449914
000000480087
000000353787
000000543635
000000345142
000000462530
000000407441
000000566746
000000389824
000000553025
000000451169
000000313020
000000403915
000000047729
000000449705
000000356908
000000507969
000000241305
000000270373
000000317997
000000561864
000000546538
000000569996
000000428457
000000491823
000000493293
000000420593
000000040771
000000578888
000000249176
000000319731
000000348636
000000314899
000000198441
000000008979
000000264884
000000033476
000000205313
000000242716
000000377760
000000416535
000000030239
000000318733
000000516570
000000377319
000000223451
000000002446
000000256236
000000193677
000000346407
000000319591
000000435718
000000260702
000000250192
000000166481
000000073814
000000408874
000000569069
000000083204
000000162475
000000473425
000000223014
000000351176
000000409468
000000459653
000000467246
000000314710
000000206861
000000541209
000000221343
000000384034
000000357220
000000455339
000000458309
000000094893
000000100034
000000429688
000000179520
000000470501
000000383569
000000443618
000000031642
000000050863
000000554238
000000060457
000000032720
000000448824
000000286234
000000476826
000000226298
000000348291
000000547730
000000004172
000000345882
000000468662
000000141348
000000048442
000000131979
000000575526
000000552254
000000360813
000000150858
000000493822
000000432897
000000452545
000000431167
000000264337
000000450991
000000185634
000000066862
000000196365
000000504807
000000414314
000000104466
000000142352
000000513861
000000556342
000000417627
000000351004
000000071582
000000433145
000000552116
000000249531
000000562596
000000165658
000000245409
000000294498
000000397513
000000404684
000000054314
000000064809
000000401094
000000425917
000000412947
000000068252
000000117377
000000463782
000000402945
000000532115
000000218784
000000087225
000000402451
000000104602
000000009960
000000301247
000000129568
000000280770
000000522233
000000443296
000000424991
000000257308
000000353589
000000171585
000000365999
000000065632
000000033300
000000454541
000000160899
000000134479
000000243783
000000313313
000000398609
000000310588
000000554886
000000351217
000000577817
000000384924
000000462132
000000143348
000000232387
000000500450
000000287831
000000473281
000000407505
000000243660
000000039777
000000149916
000000415497
000000456705
000000209353
000000395742
000000411109
000000270809
000000350339
000000500408
000000200611
000000140787
000000473776
000000276854
000000358789
000000508092
000000349897
000000061125
000000146096
000000063881
000000215511
000000194600
000000119225
000000112574
000000171665
000000366030
000000200288
000000016290
000000451842
000000347908
000000335709
000000528465
000000579758
000000329817
000000274047
000000337648
000000014083
000000001596
000000561156
000000282147
000000267457
000000026570
000000503706
000000572680
000000206318
000000572505
000000467799
000000226904
000000018290
000000198042
000000547099
000000302168
000000566448
000000512266
000000172806
000000111224
000000366329
000000357673
000000175671
000000416651
000000008305
000000328743
000000178052
000000059252
000000289684
000000534412
000000402527
000000367776
000000535234
000000289342
000000100277
000000186606
000000527194
000000124167
000000134639
000000334523
000000053672
000000462662
000000295020
000000011129
000000437816
000000515638
000000163281
000000220903
000000215380
000000437996
000000221748
000000271195
000000011737
000000016465
000000351610
000000090084
000000548822
000000447292
000000391971
000000473616
000000330824
000000025549
000000347542
000000065518
000000374396
000000220605
000000548177
000000334723
000000483261
000000090238
000000444953
000000273363
000000319031
000000320816
000000179095
000000342017
000000118272
000000361139
000000186361
000000276716
000000240944
000000066345
000000499912
000000380524
000000329592
000000499274
000000298917
000000003375
000000495905
000000188085
000000222751
000000104021
000000482148
000000494113
000000084422
000000166093
000000225372
000000097822
000000018127
000000323746
000000137288
000000160101
000000019472
000000017170
000000460115
000000148297
000000455585
000000094920
000000010265
000000117736
000000426826
000000086248
000000285478
000000126264
000000354771
000000191093
000000120241
000000028335
000000132038
000000295343
000000377543
000000349744
000000331023
000000211860
000000008519
000000188029
000000425622
000000246959
000000037519
000000127994
000000095659
000000103822
000000516352
000000399983
000000178567
000000102024
000000202490
000000357971
000000325387
000000559908
000000187642
000000031777
000000421557
000000320785
000000464615
000000517906
000000362898
000000092122
000000385701
000000026498
000000238591
000000127856
000000209662
000000438145
000000498173
000000267848
000000494711
000000217471
000000540864
000000136721
000000052843
000000277799
000000105844
000000403473
000000202328
000000450649
000000327063
000000300990
000000465181
000000223442
000000048548
000000429182
000000158821
000000389535
000000218242
000000348684
000000098689
000000545334
000000228671
000000505936
000000451489
000000071015
000000176477
000000555956
000000113857
000000039082
000000090464
000000102300
000000008807
000000484467
000000059012
000000197246
000000163358
000000121211
000000325040
000000379613
000000176086
000000156593
000000199326
000000242731
000000291476
000000022482
000000532014
000000197584
000000333258
000000580933
000000546020
000000357613
000000238210
000000155995
000000565675
000000432527
000000033756
000000455791
000000076364
000000122937
000000047550
000000484338
000000408345
000000036748
000000569511
000000170695
000000086526
000000184697
000000524027
000000371874
000000337038
000000245062
000000186544
000000078550
000000104097
000000089147
000000230291
000000163331
000000491302
000000180436
000000115296
000000031641
000000224499
000000415243
000000177022
000000184493
000000546183
000000105075
000000298152
000000567630
000000481807
000000337661
000000344491
000000448143
000000171126
000000363469
000000385114
000000304473
000000047981
000000223914
000000198880
000000112443
000000440389
000000563122
000000570629
000000163617
000000121556
000000216454
000000123558
000000410266
000000037032
000000021194
000000223928
000000491580
000000161157
000000552488
000000072708
000000097296
000000332792
000000463533
000000091666
000000434981
000000088110
000000497028
000000480947
000000405114
000000065209
000000385178
000000344599
000000336959
000000068701
000000451389
000000086549
000000238905
000000538470
000000487198
000000155823
000000558983
000000233580
000000123260
000000132527
000000324699
000000085491
000000411443
000000276559
000000058627
000000376385
000000049429
000000058738
000000349919
000000423234
000000205086
000000152425
000000424327
000000143811
000000372943
000000057864
000000297600
000000044093
000000174375
000000493110
000000418772
000000153080
000000409621
000000308905
000000379940
000000327490
000000528074
000000032804
000000302443
000000058268
000000242739
000000198323
000000281214
000000571185
000000471825
000000058601
000000134454
000000538747
000000227109
000000321389
000000425208
000000062472
000000183401
000000033840
000000575826
000000139948
000000356066
000000496434
000000423855
000000114286
000000258571
000000435575
000000376523
000000471558
000000212483
000000035948
000000094660
000000177948
000000312010
000000102168
000000363318
000000199381
000000265889
000000359414
000000382736
000000333687
000000478052
000000577207
000000310875
000000167169
000000526867
000000227269
000000555537
000000386429
000000558942
000000114424
000000240961
000000168151
000000418329
000000163435
000000153332
000000363504
000000046512
000000174605
000000525171
000000100095
000000229357
000000474161
000000501647
000000261280
000000534440
000000225241
000000556108
000000443601
000000440695
000000033429
000000010701
000000433484
000000496322
000000174574
000000194299
000000060285
000000015382
000000555794
000000123172
000000034574
000000440877
000000099184
000000370626
000000053702
000000220989
000000235409
000000126375
000000347990
000000008571
000000146420
000000262413
000000488396
000000068797
000000093243
000000542200
000000193879
000000327970
000000162757
000000531453
000000230433
000000473607
000000185519
000000313234
000000163992
000000438617
000000274430
000000313278
000000417753
000000121943
000000024239
000000351239
000000451580
000000281207
000000316014
000000189701
000000269863
000000411629
000000223595
000000029879
000000280876
000000363257
000000205297
000000575490
000000359823
000000190732
000000382289
000000212741
000000032149
000000567121
000000094079
000000139763
000000548548
000000333595
000000536419
000000391325
000000422283
000000093579
000000419037
000000014864
000000273207
000000213312
000000494032
000000468319
000000369529
000000258544
000000188137
000000322662
000000316012
000000330806
000000253725
000000152286
000000087987
000000333383
000000284770
000000033897
000000333634
000000529665
000000048604
000000197307
000000084938
000000086514
000000318815
000000259348
000000455565
000000178538
000000053101
000000028961
000000334283
000000279961
000000393464
000000530293
000000454291
000000435695
000000346313
000000378827
000000047813
000000467384
000000327818
000000145926
000000217465
000000490875
000000282564
000000303548
000000568420
000000416202
000000549915
000000318637
000000023639
000000188630
000000339611
000000044724
000000531266
000000364535
000000262893
000000525990
000000293492
000000234616
000000562196
000000567717
000000219739
000000364934
000000001144
000000540436
000000075257
000000011147
000000520657
000000334939
000000268406
000000578063
000000102550
000000570259
000000578533
000000114174
000000296267
000000523561
000000256419
000000209356
000000512554
000000570879
000000491259
000000497694
000000234319
000000511036
000000040006
000000426146
000000271484
000000068356
000000453629
000000561616
000000431112
000000319122
000000434699
000000284021
000000505708
000000416286
000000249770
000000375086
000000145188
000000059738
000000207330
000000411883
000000576732
000000142400
000000128514
000000579632
000000046997
000000437297
000000577558
000000509039
000000213148
000000154359
000000051618
000000497788
000000205010
000000424137
000000012930
000000444156
000000291897
000000061582
000000036090
000000331523
000000106352
000000463696
000000297360
000000058184
000000090830
000000268569
000000372660
000000579312
000000523466
000000486789
000000415933
000000165299
000000003131
000000344632
000000124955
000000116010
000000104426
000000333126
000000412356
000000109355
000000418391
000000075369
000000237834
000000314979
000000416622
000000357810
000000461361
000000502529
000000290720
000000062543
000000004931
000000274203
000000563727
000000170712
000000157158
000000268715
000000068183
000000491117
000000328066
000000290543
000000147443
000000362035
000000447170
000000392167
000000324893
000000438429
000000401390
000000217779
000000084259
000000371587
000000109114
000000500060
000000102529
000000541255
000000067356
000000178634
000000426350
000000369872
000000521238
000000513191
000000536059
000000581860
000000248835
000000296410
000000033517
000000481879
000000302052
000000254376
000000236279
000000323819
000000402020
000000315174
000000061307
000000185108
000000425912
000000142946
000000122352
000000534037
000000433853
000000511523
000000321938
000000016494
000000124347
000000383446
000000018244
000000358239
000000413037
000000472320
000000115419
000000469880
000000277346
000000353884
000000464456
000000465441
000000061697
000000072233
000000457263
000000532397
000000201814
000000508055
000000392643
000000310450
000000105208
000000353581
000000018276
000000376144
000000549168
000000236629
000000223068
000000041123
000000424503
000000204514
000000202414
000000096070
000000467939
000000407369
000000184720
000000189547
000000072629
000000118764
000000105976
000000496294
000000190915
000000098361
000000195724
000000540508
000000365880
000000469142
000000351146
000000553764
000000220548
000000517109
000000258894
000000298347
000000122188
000000211484
000000035964
000000246869
000000403133
000000464965
000000364517
000000171429
000000031454
000000037973
000000291019
000000581481
000000004673
000000012249
000000110886
000000292597
000000440735
000000198227
000000059403
000000379177
000000028263
000000049974
000000185452
000000019182
000000265819
000000283445
000000052096
000000469912
000000207424
000000479301
000000248674
000000114807
000000256664
000000365258
000000022226
000000246587
000000164234
000000139541
000000205757
000000299563
000000491642
000000091952
000000187125
000000505418
000000351157
000000257450
000000154895
000000337579
000000512156
000000434496
000000010421
000000383263
000000028320
000000270004
000000424979
000000069878
000000069047
000000550235
000000512509
000000401288
000000232254
000000287716
000000105139
000000081105
000000263271
000000151486
000000507424
000000140328
000000101362
000000408795
000000328298
000000399208
000000068028
000000543164
000000405324
000000259297
000000272426
000000114178
000000519482
000000247849
000000283840
000000294688
000000008734
000000013468
000000082929
000000475425
000000282579
000000409739
000000190939
000000449677
000000051268
000000570890
000000202829
000000122436
000000456736
000000186247
000000255866
000000243938
000000053601
000000073860
000000465465
000000005615
000000445411
000000349007
000000360126
000000067099
000000057551
000000575641
000000244528
000000014014
000000310459
000000335433
000000561082
000000036908
000000478499
000000269174
000000361197
000000074549
000000120836
000000125598
000000335362
000000492729
000000181734
000000212302
000000033341
000000415755
000000344138
000000322278
000000177085
000000194727
000000201419
000000475146
000000352425
000000033633
000000453883
000000460228
000000101814
000000103296
000000573632
000000226102
000000532988
000000331314
000000469488
000000178543
000000484013
000000344338
000000168522
000000060360
000000196876
000000490264
000000561613
000000374451
000000537497
000000311448
000000116572
000000568963
000000189646
000000131470
000000078536
000000554083
000000495553
000000292152
000000256151
000000411451
000000062591
000000204351
000000510951
000000104594
000000076978
000000246641
000000077516
000000302217
000000479608
000000293385
000000421298
000000443177
000000387318
000000509706
000000016089
000000226758
000000186526
000000476881
000000036764
000000295850
000000305991
000000009062
000000296064
000000580344
000000554759
000000068385
000000340706
000000545405
000000226681
000000528971
000000046322
000000291493
000000392947
000000119187
000000316061
000000282706
000000013452
000000559925
000000141712
000000559482
000000343655
000000324635
000000400124
000000478652
000000279104
000000344667
000000023127
000000568396
000000503967
000000533917
000000421476
000000284768
000000442668
000000519607
000000321878
000000546791
000000437199
000000066518
000000305082
000000312282
000000306791
000000015617
000000182507
000000062562
000000563024
000000358216
000000341139
000000577808
000000038895
000000412815
000000131419
000000431874
000000521887
000000391615
000000568572
000000461530
000000581711
000000540296
000000040934
000000219817
000000531812
000000485059
000000244361
000000377669
000000237859
000000109568
000000296698
000000477485
000000061946
000000150877
000000328326
000000382213
000000081283
000000486994
000000016292
000000425653
000000076877
000000235147
000000038033
000000478344
000000361316
000000536535
000000542138
000000249856
000000157911
000000404948
000000037246
000000276004
000000529630
000000572001
000000070479
000000409791
000000105594
000000162551
000000323734
000000563985
000000012698
000000121659
000000110697
000000273081
000000510027
000000224243
000000480257
000000266859
000000246729
000000110030
000000431793
000000516625
000000138166
000000176945
000000160000
000000395995
000000122144
000000225215
000000287310
000000260248
000000078909
000000273053
000000496826
000000392480
000000325021
000000065588
000000201662
000000190133
000000215625
000000312652
000000526312
000000411261
000000277693
000000428602
000000022974
000000463189
000000528851
000000055458
000000463464
000000340476
000000154107
000000009723
000000204787
000000427462
000000522575
000000329351
000000326408
000000451698
000000154305
000000077174
000000546379
000000487392
000000063238
000000562456
000000462860
000000162384
000000295571
000000384740
000000371353
000000336637
000000301591
000000206048
000000167533
000000048451
000000133436
000000312826
000000118642
000000264212
000000369331
000000477617
000000550308
000000195903
000000008776
000000172420
000000098642
000000110092
000000342745
000000085281
000000063485
000000559768
000000471348
000000156213
000000431808
000000496732
000000563355
000000469053
000000249664
000000294535
000000114541
000000447574
000000128691
000000438101
000000543521
000000083690
000000374072
000000037394
000000080511
000000212641
000000327178
000000140347
000000474420
000000106832
000000241836
000000006595
000000196112
000000187537
000000487766
000000560748
000000301614
000000114142
000000471935
000000506289
000000418723
000000304519
000000120274
000000324200
000000238685
000000393867
000000512769
000000162285
000000460950
000000412400
000000036303
000000340181
000000408204
000000302354
000000448172
000000079277
000000254981
000000493066
000000528880
000000552041
000000429526
000000327921
000000277998
000000144330
000000471155
000000507252
000000030387
000000058796
000000391063
000000358841
000000066746
000000575854
000000220864
000000495460
000000501314
000000224821
000000308524
000000218554
000000546205
000000311408
000000353729
000000412680
000000250574
000000548644
000000279443
000000448662
000000489140
000000296286
000000560526
000000369778
000000268014
000000151405
000000493618
000000190135
000000278963
000000074365
000000356061
000000092323
000000185234
000000469870
000000191609
000000271214
000000559953
000000490312
000000440641
000000186268
000000466242
000000531277
000000325012
000000305231
000000308208
000000296252
000000563647
000000422611
000000151546
000000213652
000000368594
000000324894
000000114060
000000131816
000000042519
000000391821
000000136232
000000335752
000000299190
000000257353
000000318154
000000324713
000000124711
000000383556
000000361798
000000558278
000000278060
000000329141
000000292001
000000136932
000000574635
000000287400
000000073925
000000376982
000000350009
000000066388
000000063084
000000223030
000000563170
000000303935
000000473072
000000306950
000000293466
000000410182
000000561545
000000377300
000000458616
000000299643
000000215701
000000288358
000000035407
000000054943
000000326148
000000530369
000000072717
000000430602
000000246218
000000065837
000000362744
000000340498
000000024129
000000554161
000000278280
000000169171
000000563354
000000368548
000000522856
000000428414
000000359201
000000568848
000000040130
000000567973
000000106287
000000139270
000000118936
000000483851
000000049248
000000085865
000000187823
000000124836
000000487486
000000468055
000000306275
000000151466
000000167115
000000181584
000000342724
000000229302
000000220471
000000266666
000000403593
000000070062
000000021451
000000405709
000000219943
000000568731
000000379285
000000030871
000000355022
000000339579
000000072701
000000199021
000000297552
000000417090
000000536039
000000239555
000000197289
000000282466
000000516273
000000125120
000000259458
000000349050
000000027902
000000492164
000000159424
000000046023
000000369936
000000553623
000000367630
000000276829
000000016458
000000505265
000000166713
000000067644
000000456302
000000377339
000000557768
000000378154
000000457906
000000547777
000000379845
000000398949
000000175101
000000358300
000000007544
000000407313
000000115511
000000416149
000000117918
000000125499
000000345602
000000287958
000000490087
000000553975
000000005619
000000356671
000000580057
000000496747
000000183427
000000123312
000000094120
000000313873
000000564240
000000313254
000000164552
000000388149
000000043411
000000191159
000000248170
000000340129
000000245582
000000255443
000000260359
000000440182
000000259655
000000349230
000000082191
000000139494
000000151328
000000375294
000000236626
000000344729
000000171158
000000313570
000000125746
000000012524
000000134447
000000557746
000000379865
000000314247
000000111142
000000500921
000000251504
000000116397
000000147894
000000407301
000000260932
000000293489
000000180099
000000260129
000000578128
000000566099
000000471409
000000107638
000000404865
000000379732
000000370171
000000245733
000000145526
000000337147
000000159972
000000426274
000000367048
000000190363
000000306632
000000055445
000000128334
000000397217
000000158818
000000416648
000000424044
000000297622
000000498125
000000170476
000000114515
000000526165
000000331724
000000548936
000000574961
000000035571
000000579051
000000461908
000000020133
000000057157
000000515518
000000143636
000000477468
000000355685
000000273729
000000020575
000000508724
000000388064
000000131498
000000160414
000000556744
000000120333
000000111911
000000237192
000000443136
000000116088
000000264537
000000572807
000000147568
000000179839
000000500179
000000240062
000000273497
000000166742
000000475999
000000026662
000000301431
000000510552
000000424307
000000268403
000000209068
000000054160
000000328270
000000492078
000000555156
000000375759
000000334328
000000270250
000000360637
000000519157
000000277990
000000574735
000000331551
000000179186
000000223369
000000424632
000000507871
000000578915
000000360871
000000461221
000000544709
000000549725
000000188858
000000370928
000000499004
000000075726
000000418620
000000116224
000000502760
000000488725
000000203730
000000078642
000000181316
000000110723
000000535145
000000562904
000000008356
000000019637
000000032699
000000401721
000000477321
000000498614
000000279803
000000209288
000000271058
000000326293
000000217700
000000294346
000000273633
000000000620
000000407173
000000302660
000000514683
000000491664
000000195317
000000311337
000000226559
000000219762
000000200971
000000166828
000000387913
000000305451
000000116131
000000378720
000000317237
000000214395
000000219409
000000417171
000000096222
000000569774
000000470381
000000505657
000000168730
000000183972
000000047481
000000281700
000000571105
000000045148
000000477040
000000114917
000000369567
000000060945
000000443455
000000072792
000000141342
000000573920
000000204735
000000353919
000000322710
000000334364
000000407808
000000294957
000000357926
000000282357
000000538214
000000454631
000000327088
000000016015
000000001522
000000183260
000000344126
000000414609
000000186550
000000145161
000000510820
000000348516
000000564681
000000556551
000000039446
000000139120
000000175600
000000102175
000000405842
000000102004
000000066319
000000581118
000000277129
000000053573
000000182505
000000461389
000000424304
000000291898
000000375659
000000529829
000000491844
000000411557
000000105685
000000176587
000000104817
000000133634
000000303668
000000573764
000000175912
000000317764
000000354668
000000374955
000000323267
000000456389
000000060737
000000137181
000000231334
000000015851
000000104588
000000005073
000000483557
000000282006
000000049592
000000319139
000000509049
000000501176
000000434380
000000360396
000000575280
000000502679
000000304627
000000403134
000000395271
000000197001
000000131780
000000257073
000000172543
000000373585
000000536752
000000402644
000000254129
000000057647
000000090914
000000565740
000000196002
000000133004
000000038122
000000392358
000000379941
000000457962
000000418042
000000480641
000000287434
000000277858
000000189951
000000456863
000000133490
000000150797
000000563370
000000291550
000000130093
000000390933
000000089882
000000578841
000000177160
000000478525
000000318468
000000295015
000000520204
000000459355
000000519625
000000169204
000000577979
000000530950
000000103128
000000483992
000000575027
000000443075
000000230178
000000293986
000000217136
000000360737
000000244549
000000330677
000000172246
000000067373
000000157696
000000000722
000000026536
000000140204
000000133167
000000223086
000000380425
000000212451
000000196639
000000178839
000000203989
000000426026
000000302551
000000247884
000000493926
000000363848
000000382863
000000272735
000000308086
000000077517
000000142380
000000433387
000000178411
000000580825
000000099041
000000375304
000000188207
000000145409
000000473103
000000114408
000000192090
000000275741
000000080969
000000565424
000000138562
000000486906
000000425743
000000265280
000000313494
000000415528
000000415935
000000297387
000000386068
000000321794
000000283129
000000396792
000000216556
000000230503
000000249120
000000102822
000000071043
000000162227
000000013815
000000180853
000000452979
000000355651
000000419627
000000270650
000000075331
000000014985
000000156406
000000035150
000000086715
000000153829
000000240608
000000282514
000000456149
000000180494
000000452382
000000248403
000000049065
000000058987
000000426031
000000569174
000000029191
000000173632
000000478174
000000540027
000000238087
000000024730
000000440726
000000460458
000000527899
000000436685
000000341845
000000068159
000000320117
000000120370
000000335027
000000298310
000000023429
000000219784
000000034810
000000420612
000000256386
000000279763
000000432233
000000065488
000000233093
000000076245
000000370380
000000051045
000000549114
000000564589
000000130440
000000063900
000000169351
000000531515
000000484289
000000085581
000000412687
000000509267
000000343322
000000351036
000000314818
000000342662
000000343162
000000253229
000000130517
000000287904
000000400668
000000540892
000000079459
000000427779
000000021650
000000471915
000000012131
000000034680
000000100910
000000005156
000000453529
000000525695
000000490268
000000123532
000000509128
000000365264
000000077310
000000409811
000000130972
000000098064
000000132984
000000409120
000000257231
000000142570
000000549394
000000027389
000000335857
000000413092
000000106351
000000299794
000000103430
000000516712
000000036652
000000283743
000000414670
000000116037
000000145734
000000581668
000000546658
000000478683
000000238933
000000062244
000000467956
000000076654
000000112358
000000074780
000000324400
000000154680
000000554541
000000571916
000000446093
000000342650
000000503155
000000477079
000000412301
000000146503
000000432138
000000129041
000000151236
000000377412
000000403078
000000238187
000000132132
000000115912
000000114317
000000333862
000000389249
000000575307
000000036098
000000215847
000000518383
000000082411
000000155323
000000010858
000000334852
000000299100
000000446726
000000196766
000000346672
000000209133
000000038546
000000356086
000000458549
000000262274
000000116696
000000314254
000000067974
000000536562
000000570418
000000406725
000000462386
000000448969
000000056651
000000363549
000000009408
000000516034
000000331790
000000254520
000000018794
000000187278
000000494456
000000426880
000000381826
000000554859
000000182812
000000174496
000000419466
000000448463
000000198054
000000022775
000000154869
000000436662
000000313381
000000439445
000000365194
000000471658
000000209449
000000386043
000000455252
000000200348
000000579206
000000276842
000000282711
000000324340
000000202527
000000357303
000000065087
000000126631
000000462984
000000368476
000000332912
000000097825
000000044472
000000059352
000000471113
000000562381
000000313647
000000372182
000000463724
000000438623
000000137029
000000365792
000000168833
000000058231
000000123359
000000170976
000000471376
000000068778
000000176716
000000009999
000000317514
000000556246
000000139249
000000256535
000000010005
000000063953
000000366025
000000237100
000000237357
000000290846
000000178236
000000461491
000000106046
000000282707
000000382625
000000200778
000000239670
000000014004
000000211408
000000475295
000000308878
000000307800
000000416851
000000574645
000000246231
000000091942
000000314741
000000059454
000000140690
000000259434
000000521994
000000172556
000000363581
000000574497
000000179122
000000511786
000000100801
000000181576
000000237225
000000207500
000000335534
000000178053
000000264504
000000440212
000000232432
000000463778
000000237818
000000133294
000000457822
000000529624
000000320780
000000166716
000000370827
000000387360
000000416315
000000181030
000000426551
000000089629
000000408239
000000126538
000000378905
000000451275
000000114316
000000111148
000000052383
000000549885
000000000192
000000272129
000000581572
000000143263
000000171546
000000531803
000000038910
000000089651
000000297522
000000070987
000000223384
000000443592
000000404766
000000513727
000000155775
000000559086
000000004859
000000575128
000000274632
000000519795
000000533041
000000109986
000000347328
000000343734
000000262508
000000199989
000000363522
000000348047
000000399138
000000431342
000000569526
000000286132
000000429873
000000174157
000000085098
000000141952
000000135483
000000093068
000000115804
000000403826
000000010711
000000326892
000000576247
000000119036
000000346132
000000421437
000000183990
000000264365
000000072650
000000545072
000000038900
000000167741
000000007072
000000418726
000000306585
000000243962
000000112437
000000555625
000000336563
000000045942
000000554621
000000361291
000000193863
000000168963
000000291189
000000426348
000000489207
000000169089
000000426733
000000344902
000000092894
000000026576
000000362951
000000321511
000000366028
000000258905
000000408484
000000223790
000000054750
000000372430
000000244822
000000214030
000000191340
000000138207
000000072947
000000381664
000000112604
000000067127
000000316181
000000413811
000000012357
000000403571
000000282251
000000003124
000000472146
000000322177
000000076762
000000208945
000000161941
000000262148
000000323370
000000542412
000000253718
000000295196
000000543762
000000213305
000000117690
000000561453
000000133622
000000416103
000000309104
000000580248
000000284406
000000014244
000000200812
000000556752
000000531860
000000432417
000000322080
000000439084
000000525705
000000124004
000000517889
000000462908
000000288609
000000435358
000000437129
000000518769
000000180539
000000183166
000000129129
000000334019
000000455156
000000457123
000000207019
000000268654
000000401589
000000478304
000000079792
000000441858
000000394190
000000236760
000000487851
000000207980
000000307197
000000009045
000000555538
000000006042
000000392615
000000069286
000000355717
000000442231
000000532583
000000487914
000000411295
000000220951
000000062896
000000080652
000000095854
000000456724
000000412136
000000400033
000000048332
000000458727
000000051484
000000288023
000000202918
000000308172
000000202118
000000235906
000000387678
000000446301
000000382693
000000130132
000000022799
000000546584
000000558190
000000091581
000000407685
000000070724
000000478977
000000259087
000000539124
000000023251
000000180764
000000185091
000000081100
000000152505
000000460392
000000368629
000000402326
000000379402
000000359059
000000033297
000000319134
000000172425
000000115305
000000106470
000000244557
000000425822
000000309915
000000482929
000000385916
000000513266
000000026024
000000484414
000000051639
000000098510
000000060167
000000022626
000000224907
000000283863
000000349322
000000220367
000000576030
000000418180
000000194043
000000062557
000000109766
000000146910
000000275190
000000355678
000000051525
000000135538
000000176509
000000321344
000000560472
000000482885
000000105800
000000099341
000000034121
000000479081
000000487548
000000164262
000000178426
000000180662
000000366139
000000239205
000000318284
000000214888
000000351528
000000126027
000000483074
000000324018
000000011461
000000358730
000000337902
000000468253
000000492040
000000488571
000000092288
000000164863
000000566175
000000390756
000000234994
000000253580
000000366822
000000285360
000000517140
000000254194
000000457275
000000213674
000000517306
000000381923
000000571764
000000154354
000000349614
000000384983
000000302102
000000442416
000000555494
000000112582
000000135694
000000421873
000000175439
000000171371
000000232598
000000427762
000000229969
000000017352
000000299116
000000342549
000000337607
000000515202
000000075708
000000060604
000000417315
000000532565
000000056896
000000484281
000000138975
000000525360
000000334845
000000251370
000000071232
000000067269
000000210259
000000118862
000000021383
000000398423
000000375045
000000546847
000000528284
000000295628
000000227207
000000505098
000000517748
000000007961
000000423498
000000169003
000000400869
000000134705
000000180067
000000516401
000000457796
000000031081
000000561783
000000412666
000000303897
000000570545
000000534633
000000049731
000000379922
000000315242
000000577140
000000246549
000000434410
000000566088
000000330487
000000262229
000000285634
000000187442
000000048204
000000522569
000000527532
000000105580
000000504747
000000167337
000000396997
000000255708
000000387463
000000076681
000000424412
000000116316
000000176910
000000101531
000000144760
000000572561
000000002849
000000096048
000000237337
000000196758
000000339295
000000566634
000000425155
000000501293
000000049194
000000016246
000000362314
000000532263
000000138905
000000279438
000000488689
000000516380
000000070854
000000221335
000000413324
000000408327
000000425462
000000465844
000000210777
000000229312
000000459665
000000154589
000000002429
000000109488
000000523456
000000575020
000000570968
000000579136
000000132585
000000466838
000000355647
000000193383
000000383090
000000174229
000000315641
000000349052
000000507489
000000368844
000000550438
000000087593
000000365218
000000268892
000000112394
000000144230
000000557830
000000215405
000000559159
000000368746
000000183893
000000294585
000000447767
000000217856
000000011625
000000535282
000000111244
000000108859
000000169679
000000246629
000000073353
000000155125
000000168334
000000221609
000000372117
000000367626
000000103579
000000513936
000000432981
000000002697
000000218941
000000273469
000000093487
000000530599
000000061219
000000329054
000000338288
000000344410
000000091110
000000164908
000000167006
000000445493
000000147122
000000198768
000000210658
000000275412
000000460673
000000302740
000000041482
000000160628
000000504620
000000340674
000000297357
000000471028
000000518124
000000161996
000000463306
000000074369
000000097514
000000466037
000000573248
000000037955
000000519273
000000192181
000000232760
000000203965
000000375882
000000565399
000000484485
000000224759
000000243946
000000431817
000000214725
000000416918
000000396890
000000297370
000000368204
000000083761
000000262951
000000525666
000000369859
000000288246
000000243296
000000134769
000000558748
000000511580
000000475588
000000019714
000000206427
000000301558
000000424337
000000195568
000000189153
000000465369
000000371717
000000215582
000000410400
000000460188
000000380271
000000179462
000000323722
000000465412
000000442518
000000405216
000000345400
000000154382
000000091743
000000546395
000000210729
000000413225
000000244978
000000310391
000000333724
000000522481
000000053317
000000477497
000000004021
000000028174
000000391492
000000522489
000000000394
000000246007
000000153052
000000461517
000000272671
000000173185
000000523373
000000255849
000000182503
000000163608
000000572441
000000099336
000000164286
000000163589
000000137274
000000135576
000000162520
000000082462
000000064439
000000469762
000000373960
000000062716
000000314462
000000439573
000000222492
000000248446
000000219335
000000246918
000000555606
000000229491
000000211326
000000375665
000000443429
000000290656
000000083134
000000288723
000000534655
000000533134
000000352111
000000221282
000000418844
000000275608
000000197689
000000161451
000000249251
000000333749
000000381723
000000235486
000000042661
000000462899
000000436722
000000231322
000000444263
000000090237
000000491921
000000041449
000000444080
000000503148
000000372727
000000361972
000000415001
000000574178
000000512658
000000379316
000000005699
000000288673
000000409627
000000559234
000000505757
000000079076
000000507397
000000070257
000000318937
000000009317
000000072007
000000119118
000000386876
000000417355
000000027050
000000199641
000000006790
000000117677
000000526021
000000024106
000000192858
000000496090
000000183398
000000345137
000000084038
000000549978
000000297417
000000005587
000000283476
000000355746
000000340736
000000461681
000000536087
000000164680
000000575756
000000254775
000000181422
000000244122
000000260748
000000473516
000000108865
000000149498
000000526040
000000407974
000000146272
000000257838
000000523701
000000175703
000000265815
000000112409
000000320835
000000048284
000000289972
000000236141
000000157016
000000087864
000000013230
000000178526
000000273147
000000386783
000000340420
000000362289
000000375743
000000485163
000000043206
000000552880
000000133090
000000500603
000000272603
000000056118
000000264092
000000558656
000000012902
000000391269
000000330220
000000203669
000000041097
000000013983
000000017312
000000494222
000000387976
000000541017
000000519438
000000007673
000000047225
000000571825
000000218711
000000023275
000000456670
000000573206
000000106517
000000226959
000000297765
000000575822
000000090678
000000259761
000000469347
000000537698
000000382731
000000383348
000000491467
000000248956
000000069320
000000101575
000000487349
000000397318
000000200080
000000011360
000000402867
000000461715
000000209056
000000360101
000000518948
000000047181
000000254454
000000358297
000000106874
000000372620
000000390052
000000137150
000000075871
000000288955
000000254481
000000278001
000000089912
000000420146
000000104166
000000154798
000000467572
000000190921
000000468894
000000084386
000000485757
000000050158
000000156763
000000552365
000000552066
000000549635
000000234699
000000214199
000000255317
000000316759
000000402621
000000206198
000000179599
000000334139
000000065012
000000436564
000000402569
000000504744
000000579773
000000309152
000000575574
000000522791
000000032845
000000414651
000000248733
000000017216
000000015846
000000374351
000000040606
000000362031
000000266436
000000404517
000000302576
000000075170
000000142229
000000510152
000000464812
000000360175
000000362469
000000119157
000000153827
000000429241
