000000202748
008342
000000504030
000000227567
000000168963
000000576247
000000330050
000000220743
000000224114
000000109136
000000527291
000000326610
000000301082
000000180720
000000537427
000000491997
000000070927
000000042285
000000436865
000000031653
000000328373
000000534140
000000510423
000000009983
000000208172
000000038681
000000457631
000000134782
000000075234
000000261202
000000054750
000000236552
2009_002565
000000485616
000000292419
000000293233
000000044337
000000489622
000000209923
000000483401
008433
000000486543
2010_005627
000000536112
000000223326
000000318001
000000429517
000000118680
000000387595
000000566502
000000106769
000000371595
000000447075
000000082990
000000408270
000000549928
000000209048
000000060604
000000455422
000000528251
000000019428
000000134286
000000226559
000000377205
000000136181
009819
000000337375
2008_008272
000000355907
000000147674
000000257796
000000127454
000000483690
000000262495
000000231240
000000197959
000000120674
000000338838
000000248709
000000530293
000000041008
000000525208
000000121056
000000359232
000000330909
000000037035
000000510613
000000570588
000000152431
000000216603
000000511892
000000223157
000000029639
000000220216
000000551542
000000457986
000000164598
000000325385
000000035211
000000366103
000000398073
000000165053
000000044960
000000490529
000000459037
000000415533
000000551571
000000067199
000000087811
000000470072
000000318385
000000466445
000000389753
000000110794
009627
000000395326
2009_001631
000000441736
000000094667
000000273863
000000322405
000000332607
000000364340
000000207763
000000070755
000000189280
000000287519
000000558189
000000011198
000000134981
000000243630
000000253528
000000113935
000000410810
000000447083
000000114515
000000426663
000000137578
000000337274
000000197263
000000558798
000000060364
000000491323
000000511651
000000299689
000000324611
000000368565
000000493254
000000334587
2010_002801
000000418065
009087
000000453106
000000097146
000000261060
000000261558
000000077591
000000430688
000000206937
000000098987
000000444448
000000535786
000000374043
000000004893
000000463429
000000019828
000000386580
000000038986
000000199539
000000530896
000000029426
000000515508
000000161941
000000050636
000000223942
000000038709
000000209200
000000281789
000000398157
000000257470
000000115749
000000066507
000000252411
000000397455
000000066510
000000549729
000000256334
000000321119
000000004038
000000570568
000000026304
000000454000
000000242539
000000509128
000000310532
000000250827
000000280873
2010_001139
000000405677
000000448843
000000520769
000000446383
000000227137
000000553865
000000514030
000000317962
000000528488
000000157891
000000486400
000000450863
2008_001645
000000465412
000000211281
000000132889
000000111878
000000505086
000000382625
000000056718
000000243773
000000094610
009308
000000265447
000000147404
000000449462
000000240648
000000102766
000000461208
000000524476
000000564098
000000183233
000000314929
000000308332
000000315200
000000167235
000000112949
000000325389
000000516540
000000214087
000000127496
000000397034
000000100128
000000074332
000000478490
000000189209
000000433389
000000329900
000000035768
000000244646
2010_004594
000000174603
000000046255
000000067261
000000175734
000000069440
000000245049
000000493623
000000412876
000000344632
000000262673
000000576417
000000073782
000000525075
000000486545
000000373585
000000134290
000000124803
000000564188
003027
000000073491
000000060158
000000155823
000000572795
000000548377
000000157380
000000558181
000000029711
000000037367
000000399752
005576
000000457572
000000326845
000000275700
000000028131
000000208379
000000579602
000000520208
000000097159
000000046743
000000209418
000000077903
000000282346
000000157714
000000286876
000000302458
000000568005
000000441539
2010_002136
004499
000000296393
000000520975
000000484899
000000210077
000000273068
000000272480
000000254787
2010_004276
000000523955
2011_002047
000000239801
2010_001726
000000219261
006886
000000251230
2008_008074
000000435963
000000167910
000000434217
000000411475
000000565903
000000317241
000000143306
000000108556
000000439596
2008_004764
000000495199
000000534318
000000089735
001142
2010_002624
000000510207
000000486122
000000084222
000000557408
000000061260
000000345417
000000378712
000000325475
000000358545
000000134738
000000252470
000000201059
000000047974
000000293811
000000287098
000000434693
000000417373
000000278899
000000354978
000000550805
000000048708
000000011313
000000035105
000000281700
006773
000000515561
000000087105
000000216194
000000574942
000000543119
000000513417
000000200143
000000392154
000000566385
000000020456
000000534926
000000519376
000000224692
000000047742
000000256475
000000036049
000000340228
000000078838
000000432421
000000451046
000000177860
000000018559
000000067936
000000064028
000000271011
000000194288
000000147122
000000218960
000000048332
000000436564
000000169217
000000349590
000000037688
000000527064
2009_003468
000000049987
000000416723
000000307209
000000521667
000000384188
000000056679
000000498263
000000485406
000000304827
000000531735
000000073823
000000287449
000000259398
000000215002
000000110560
000000104888
000000080535
2009_001673
000000007944
000000392747
2010_004163
000000384375
000000360277
003155
000000127098
003508
000000025550
000000307379
000000328855
000000310029
000000031561
000000096800
000000156740
000000101968
000000094015
000000565310
000000180445
000000464382
000000530905
000000101084
000000343863
000000121938
000000515216
000000529661
000000035864
000000259434
000000218926
000000274632
000000171081
000134
000000115544
000000305517
000000369369
000000542799
000000266278
008739
000000098590
000000480026
000000092753
2010_002320
000000022683
2009_004812
000000176321
000000280731
000000020464
000000404395
000000466585
000000552075
000000267008
000000545226
000000579545
000000303368
000000332182
000000071307
000000011638
000000480474
000000209967
000000468162
2010_004888
000000293159
000000531860
000000093400
000000085215
000000286778
000000216091
000000148807
2011_002979
2008_004344
000000067568
000000447543
000000515893
000000241214
000000562664
000000484385
000000117137
000000403966
000000315242
2008_007660
000000204458
000000160926
000000342342
000000182927
000000394729
000000176263
000000255459
000000227689
000000339054
000000440460
000000064236
000000175405
000000094033
000000500273
000000350614
000000537188
000000005011
000000114303
000000409897
000000457877
000000076159
000000189351
000000562461
000000124215
000000177058
000000419150
2009_003022
000000384598
000000380932
000000512320
000000548550
000000426551
000000129117
000000315719
000000324032
000000422283
000000399490
000000427166
000000445620
000000502517
000000281764
000000199481
000000375208
000000510838
000000072368
000000526793
000000190432
000000003224
000000264250
000000530706
000000337752
000000361594
000000461281
000000373439
000000130949
000000363217
000000522342
000000073180
000000387215
000000393394
2009_001724
000000118342
000000179968
000000385674
000000454514
000000398463
000000227049
000000266136
2008_004469
000000331334
000000303431
000000193855
000000214526
000000127785
000000335459
000000140006
000000351749
000000008999
000000418882
000000265176
000000314055
000000177011
000000420200
000000490923
000000016273
2011_002697
000000111746
000000561785
000000017975
2008_005266
000000417753
2008_003802
000000469638
000000536963
2010_001329
000000444953
000000574961
000000393303
000000293166
000000501022
000000234948
000000243980
000000093853
2010_005111
000000472727
000000141509
000000113089
000000404585
008796
000000200116
000000326706
000000348877
000000520924
2011_000804
000000177090
000000118724
2010_000770
000000326854
000000561780
000000505057
000000253575
000000456629
000000344307
000000509442
000000407809
000000141065
000000236593
008042
000000296758
2009_000093
000000083925
000000406121
000000562160
000000304408
000000252086
000000235700
000000040905
000000233711
000000146881
000000574138
000000495077
000000341437
000000271038
000000504970
000000571635
000000137861
000000448613
000000231889
000000241156
000000372868
000000459355
000000443049
000000242297
000000260654
000000022646
000000204067
000000214121
000000131909
000000486345
000000107633
2011_001825
000000403054
000000572372
000000331863
000000483179
2009_001741
000000259112
000000093724
000000476903
000000061782
000000090520
000000005180
000000442252
000000100519
000000399746
000000298721
000000303778
000000056608
000000258381
000000496926
000000320089
000000264805
000000123125
000000245528
000000208371
000000228274
000000036639
000000468203
000000008688
000000058021
000000306516
000000053434
000000212058
000000499940
000000181782
000000275625
000000218840
000000202438
000000168317
000000277688
000000484281
000000424472
000000556088
000000047654
000000041838
009016
000000214732
000000566844
000000495243
000000459111
000000062387
000000024894
2011_002343
000000287312
000000540575
000000531385
000000561635
000000469795
000000215213
2009_005287
000000089908
000000146389
000000219393
000000293895
2008_004077
000000064909
000000344353
005605
000000317367
000000409226
000000418270
000000141702
000000529102
2010_005736
000000493845
000000373662
000000563717
000000239243
000000057979
000000501015
000000228953
000000405021
000000308292
000000139065
000000543178
2009_002725
000000355124
000000510028
000000303548
000000324165
000000339643
003236
000000133874
000000192953
000000178526
000000273082
2008_002835
000000096615
000000261118
000000121839
000000445606
000000468585
000000265274
000000175122
000000488753
000000536366
000000453697
000000155047
000000355075
000000493067
000000439651
2010_001555
000000361248
000000097092
000000566188
000000233093
000000199913
000000316026
000000160186
000000033297
000000393227
000000074572
000000165852
000000225519
2008_000222
000000226913
000000486410
000000273425
000000568495
000000072075
000000213003
000000018728
000000390895
000000315486
2009_002754
000000190495
000000337528
000000056119
000000171262
000000200302
000000053170
000000139468
000000253031
000000406531
2009_005220
000000265833
000000205239
000000367952
006029
000275
000000123770
000000554706
000000376283
000000286162
000000052312
000000093519
000000233030
000000101960
000000212782
000000311690
000000192652
2011_002730
000000409767
000000019358
000000132878
000000569401
000000580406
000000410141
000000311116
000000301649
000000256094
000000571747
2009_002634
000000477343
000000294228
000000315702
000000482706
000000439126
000000341296
000000119373
000000002402
000000580651
000000075213
000000349134
000000468417
000000101355
000000340537
2010_005860
000000495379
000000170295
000000038886
000000510955
000000336040
000000383979
000000348157
000000441599
000000444087
000000399392
000000219861
000000200778
000000060596
000000437522
000000033842
000000306047
000000357471
000000292493
000000351855
000000076384
000000230245
000000434291
000000146730
000000330922
000000407372
000000173288
000000402000
000000433907
000000494383
000000340283
000000196168
000000126182
000000568113
000000193781
000000545364
000000294744
007095
000000041020
000000005105
000000434417
000000499829
000000092216
000000353398
000000487914
000000224781
2008_005825
000000302071
000000548029
000000139258
000000142953
000000179563
000000165527
000000079355
000000239461
000000296064
000000280857
000000093904
000000545114
009841
000000243818
000000398407
000000157006
000000270224
000000041923
000000370193
000000161814
000000331133
000000307757
2009_003455
000000346596
000000023275
000000142380
000000100974
000000006415
000000111598
000000525807
000000314992
000000292905
000000460837
000000225867
000000460254
000000348697
000000024497
000000022150
000000221846
000000156914
000000111010
000000349575
009015
000000055402
000000026725
000000286698
000000394970
000000396792
000000437465
000000358293
000000532895
000000500298
2009_003436
000000348670
000000219978
000000446069
000000186892
000000338949
000000102754
000000253382
000000044286
000000515136
000000132612
000000152514
000000152913
000000368648
000000086993
000000310564
000000168583
000000510264
006258
008423
000000070854
000000354036
000000342797
000000224633
000000147586
2010_005101
009865
000000205054
2011_000442
000000328314
000000201501
000000559859
2008_007588
000000475974
000000081704
000000124279
000000325873
000000433637
000073
000000079047
000000524048
000000567964
000000461815
000000267972
000000089121
000000090582
000000350468
000000245898
000000219201
2009_002883
000000284756
000000386295
000000479149
000000362740
000000214671
000000573667
005358
000000242076
000000337662
000000008005
000000268151
000000024401
000000433985
000000557695
000000292118
000000090351
000000200654
000000316708
000000426261
000000188143
000000052756
000000215803
2009_004846
000000017869
000000157866
000000558538
000000539313
000000399138
000000487571
000000315622
000000065515
000000268728
000000296707
000000331105
000000308156
000000174496
000000302094
000000061951
2009_003311
000000044269
000000121110
000000357604
000000163929
000000168812
000000517906
000000134937
000000312652
000000274537
000000026365
000000213141
000000077624
000000395480
000000538691
000000577659
000000289248
000000363957
000000434118
000000280540
2010_000548
000000109746
2008_004166
000000505932
000000079191
000000396178
006647
000000496801
000000285505
000000480812
000000508489
000000407061
000000161812
000000531657
2009_002849
000000024081
000000494404
000000511781
000000037746
000000294090
000000403013
000000057166
000000005152
000000018316
000000531499
000000435695
000000177658
000000462023
2010_003343
000000362360
000000091942
000000381932
000000022287
000000515638
000000452498
000000002658
000000517460
000000578553
000000009895
000000435240
000000352316
000000547635
000000211644
000000292512
000000457437
000000134754
000000354724
000000161777
000000048150
000000462129
000000338094
000000254410
000000575027
000000343737
2009_004914
000000223804
000000200024
000000097311
000000453626
000000408431
000000486123
000000100407
000000373075
000000183719
000000423337
000000199602
000000386783
000000060035
2008_008319
2010_001431
000000188137
000000006589
000000314370
000000117160
2008_006074
000000337883
000000245367
000000293524
000000354268
000000253848
000000156320
000000013985
000000197322
000000379678
000000571779
000000043170
000000552463
000000439658
000000570358
000000175871
000000511002
000000261346
000000507520
000000075101
000000212685
000000364374
000000399058
000000467818
000000557931
000000274917
000000323598
2009_003669
000000268628
000000344629
000000414289
000000394659
000000152531
000000327255
000000014824
000000495518
000000149739
000000104502
000000061044
000000211208
000000274547
000000537220
000000337661
000000284259
000000171371
000000460617
000000387335
000000385005
000000237835
000000092675
000000075173
000000538775
000000422479
000000255797
000000254869
000000067558
000000280508
000000242505
000000304693
000000341917
000000256589
000000460326
000000322594
000000219294
000000458156
000000298327
000000063676
000000282316
000000249537
000000097632
000000569674
000000371945
000000239984
000000251798
2008_000853
000000324953
000000253584
000000060136
000000134589
000000502084
000000051176
000000012315
000000258440
000000400829
000000363078
000000209931
000000549166
000000424220
000000384775
000000217379
000000495460
2009_002568
000000575666
000000555108
000000132094
000000295695
000000304125
000000573993
000000379378
000000383406
000000368746
000000037882
000000486391
000000109862
000000253416
000000257117
2010_002601
004935
000000546091
000000338030
000000491845
2010_000483
000000166430
000000504987
000000139734
000000421875
000000233955
000000451213
000000366576
000000096339
000000435163
000000418144
000000449310
000000533134
000000548224
000000213742
000000403710
000000307292
000000064342
000000152070
000000178962
2010_005164
000000452841
000000147701
000000475889
000000490939
000000201192
000000092093
000000103499
000000028961
000000283163
000000504559
000000194564
000000122093
000000364487
000000253578
000000422416
000000385317
000000495841
000000444343
000000538741
000000205108
000000427544
000000273317
000000009190
000000160498
000000183151
000000524502
000000053088
000000219558
000000298139
000000108548
000000193363
000000107691
000000456987
000000172680
000000334328
000000034482
000000523529
000000378765
000000230898
000000443218
000000334774
000000507215
000000317806
000000070059
000000280643
000000376959
000000358425
000000125316
000000387685
000000577948
000000103332
000000334232
000000563652
000000272713
000000076846
000000123835
000000499636
000000190494
000000167683
000000308796
000000540503
000000578009
000000185862
000000256576
000000268067
000000361464
000000443875
000000294615
000000440650
000000418435
000000405777
000000154244
000000536716
000000022199
002419
000000169313
2010_003127
000000374977
000000345598
006238
000000061203
000000366086
000000527886
001724
2010_005284
000000448381
000000444285
000000465697
000000029879
2010_001211
000000330807
000000171201
000000491662
000000092543
000000446628
000000373686
000000432417
2008_007839
000000497875
000000147775
000000540473
000000547435
000000068159
2008_007883
000000511693
000000172637
000000304389
000000138970
000000233808
000000060269
000000374017
000000121619
000000079127
2010_003132
000000070652
000000097423
000000391046
000000289962
000000328054
000000324262
000000100468
000000003915
000000191264
000000472581
000000129310
000000401010
2008_007932
