000000467609
000000271829
000000347021
000000507212
000000470912
000000173146
000000275511
000000120103
000000514104
000000519910
000000510328
000000498421
000000008786
000000085933
000000153036
000000148301
000000124899
000000108639
000000211600
000000095753
000000497010
000000070562
000000006945
000000562015
000000111400
000000442603
000000228318
000000453538
000000375500
000000386414
000000152742
000000349291
000000453366
000000473595
000000295017
000000429040
000000182995
000000155749
000000017560
000000333368
000000466656
000000556983
000000078562
000000063572
000000541229
000000078305
000000231091
000000284373
000000173297
000000436508
000000100586
000000021313
000000387792
000000433202
000000497030
000000296188
000000445187
000000295831
000000248755
000000086687
000000190387
000000046438
000000464166
000000281351
000000178798
000000403144
000000497320
000000032405
000000562999
000000053864
000000233970
000000118480
000000146439
000000404754
000000086137
000000345742
000000401144
000000432212
000000060769
000000383382
000000138161
000000004410
000000078079
000000474969
000000255420
000000232394
000000286720
000000518156
000000363038
000000200327
000000454996
000000363933
000000156156
000000079421
000000060539
000000013140
000000040583
000000246723
000000181125
000000501227
000000305546
000000014766
000000515401
000000057930
000000210956
000000206255
000000256322
000000414495
000000164921
000000144695
000000407390
000000138699
000000318089
000000113114
000000153879
000000453676
000000223462
000000447741
000000563494
000000386361
000000181949
000000509764
000000546944
000000339575
000000018211
000000474693
000000224049
000000281846
000000140831
000000177762
000000224168
000000566765
000000405278
000000361255
000000329368
000000273771
000000037708
000000293276
000000246470
000000305752
000000174137
000000390129
000000461110
000000041505
000000398767
000000178674
000000241465
000000547130
000000026281
000000141229
000000449134
000000158058
000000440057
000000576589
000000419618
000000027706
000000311965
000000129820
000000159118
000000310331
000000373729
000000523571
000000062547
000000178229
000000230548
000000426849
000000178485
000000473500
000000054918
000000319337
000000230867
000000394210
000000017345
000000047333
000000369132
000000279829
000000517178
000000115378
000000332485
000000374860
000000012307
000000389996
000000053479
000000434222
000000315663
000000304315
000000541950
000000244734
000000217247
000000533049
000000240691
000000488964
000000357881
000000484812
000000196971
000000491250
000000434036
000000057871
000000484401
000000132654
000000276479
000000252420
000000298077
000000394036
000000322239
000000004820
000000405058
000000027718
000000495692
000000183537
000000041392
000000121530
000000374239
000000558317
000000151229
000000235842
000000353594
000000017914
000000037291
000000161013
000000517947
000000157981
000000100588
000000496106
000000568062
000000128429
000000420210
000000445731
000000560923
000000380416
000000534722
000000551166
000000154002
000000126696
000000554408
000000389702
000000206489
000000406021
000000306830
000000040419
000000022627
000000182258
000000069364
000000386236
000000106269
000000299163
000000113810
000000296793
000000072538
000000292101
000000019397
000000272250
000000237077
000000495159
000000375194
000000071025
000000102670
000000088499
000000161599
000000311290
000000378393
000000580620
000000216351
000000215467
000000339545
000000018072
000000577884
000000231874
000000469918
000000001085
000000219418
000000379165
000000518108
000000388312
000000364283
000000034039
000000237281
000000116380
000000205791
000000295558
000000412781
000000320045
000000518081
000000555516
000000022451
000000020757
000000288560
000000580234
000000461600
000000265412
000000400285
000000580932
000000122480
000000002349
000000011398
000000006355
000000064389
000000137890
000000411926
000000141955
000000401232
000000182020
000000206656
000000465495
000000552028
000000334732
000000077870
000000523484
000000473462
000000519731
000000378901
000000534972
000000352399
000000082604
000000236314
000000168356
000000274323
000000110013
000000260566
000000234217
000000332976
000000348767
000000276006
000000338224
000000288770
000000192575
000000229494
000000448951
000000555427
000000078342
000000339987
000000145629
000000532775
000000530658
000000123921
000000293723
000000022962
000000020384
000000241027
000000244057
000000174787
000000352117
000000513850
000000129072
000000421024
000000428787
000000264567
000000486718
000000421136
000000461170
000000004535
000000571311
000000108871
000000352162
000000411603
000000073310
000000265744
000000474069
000000091541
000000367873
000000458397
000000087017
000000414888
000000403955
000000253487
000000167671
000000340561
000000184377
000000497873
000000134958
000000099070
000000572358
000000093883
000000413026
000000308372
000000359825
000000552054
000000360323
000000526592
000000052516
000000136664
000000314526
000000311208
000000284667
000000487650
000000160968
000000535358
000000235862
000000279550
000000454963
000000362432
000000045089
000000042371
000000378293
000000188478
000000502324
000000042861
000000184924
000000227713
000000422878
000000572926
000000424193
000000299782
000000047235
000000297684
000000013182
000000412445
000000361051
000000311578
000000441379
000000319163
000000357340
000000214018
000000549447
000000513849
000000129860
000000036732
000000076970
000000357117
000000395311
000000057498
000000100530
000000046492
000000152954
000000276639
000000226679
000000210296
000000521618
000000432917
000000340003
000000511472
000000313437
000000534941
000000255137
000000557254
000000507224
000000364719
000000216980
000000292543
000000185291
000000114718
000000153186
000000194921
000000383154
000000579095
000000136651
000000071970
000000345194
000000004739
000000258099
000000452342
000000118895
000000285618
000000449845
000000203867
000000123371
000000405499
000000283188
000000502440
000000067647
000000257773
000000168207
000000225458
000000549199
000000304150
000000289514
000000330597
000000217252
000000431169
000000541856
000000329869
000000132698
000000472861
000000155696
000000466580
000000517232
000000170962
000000391297
000000389775
000000392030
000000013595
000000094549
000000538223
000000041272
000000121952
000000300159
000000481012
000000073096
000000403194
000000047507
000000353511
000000248283
000000323421
000000501820
000000020619
000000406295
000000012044
000000382469
000000516412
000000104879
000000563793
000000447374
000000422894
000000225363
000000569037
000000276961
000000335332
000000553528
000000496766
000000322768
000000555015
000000457667
000000048199
000000243824
000000233878
000000579184
000000053939
000000386694
000000452837
000000201062
000000559585
000000476235
000000147753
000000563676
000000557355
000000072595
000000221427
000000034611
000000034491
000000409102
000000489453
000000058267
000000032629
000000114947
000000483162
000000016072
000000500400
000000576702
000000570522
000000482451
000000127581
000000445777
000000036544
000000335500
000000349709
000000052650
000000316585
000000550355
000000117867
000000562335
000000456936
000000086282
000000086381
000000226075
000000295317
000000276806
000000396984
000000560172
000000367795
000000577718
000000507789
000000101079
000000072821
000000332202
000000112235
000000009760
000000231536
000000319543
000000455294
000000450748
000000285249
000000425341
000000271930
000000031135
000000055201
000000547869
000000548278
000000334220
000000233975
000000013720
000000096177
000000507749
000000449158
000000292133
000000141543
000000462957
000000494622
000000570951
000000242484
000000080085
000000354932
000000026260
000000574420
000000547999
000000397467
000000132607
000000507570
000000461024
000000539041
000000070415
000000468966
000000101630
000000266756
000000355697
000000412830
000000451535
000000058403
000000375382
000000544687
000000471245
000000191717
000000408405
000000085459
000000359139
000000504606
000000021462
000000215023
000000157639
000000346161
000000147060
000000395504
000000441714
000000343012
000000468518
000000246718
000000294051
000000362151
000000111646
000000177974
000000005483
000000339830
000000124723
000000242982
000000474760
000000300239
000000170008
000000080916
000000343154
000000004244
000000236340
000000344031
000000035707
000000424560
000000371928
000000571628
000000321140
000000539026
000000505552
000000275961
000000442026
000000086596
000000437282
000000377513
000000572587
000000260857
000000314392
000000156802
000000534898
000000358334
000000309386
000000010581
000000518686
000000272670
000000324261
000000538588
000000568962
000000394186
000000254134
000000148965
000000150367
000000519783
000000528562
000000236126
000000227061
000000074630
000000274499
000000083670
000000157190
000000069410
000000181047
000000129067
000000089238
000000566575
000000533451
000000021190
000000347787
000000045622
000000187465
000000274446
000000488363
000000477263
000000205477
000000346930
000000224396
000000249435
000000342963
000000091285
000000519404
000000302230
000000073427
000000333978
000000223023
000000097913
000000288905
000000541029
000000220793
000000398924
000000398799
000000092217
000000109224
000000448368
000000104309
000000449197
000000226658
000000031434
000000056972
000000152060
000000371684
000000577830
000000253992
000000442840
000000021531
000000065509
000000260110
000000398301
000000487796
000000376831
000000318638
000000437944
000000087029
000000336663
000000057926
000000382278
000000033943
000000061648
000000375714
000000438835
000000164534
000000450904
000000255770
000000272203
000000342098
000000236260
000000453552
000000027888
000000340220
000000431972
000000009556
000000422452
000000313653
000000180169
000000252801
000000540270
000000578337
000000229525
000000462712
000000349582
000000325545
000000092288
000000516046
000000231593
000000250955
000000118794
000000383197
000000335815
000000538537
000000426128
000000560260
000000066816
000000083149
000000405207
000000476965
000000102885
000000352651
000000260134
000000070710
000000014036
000000547633
000000517049
000000282603
000000378440
000000334197
000000342259
000000057995
000000156608
000000362340
000000500233
000000157645
000000190863
000000333134
000000269434
000000460092
000000405060
000000542591
000000565367
000000230417
000000148239
000000075587
000000391084
000000480572
000000030836
000000570518
000000269915
000000343418
000000364139
000000416598
000000474472
000000055419
000000463753
000000266885
000000002083
000000194620
000000287872
000000103427
000000434857
000000355863
000000245577
000000442218
000000122498
000000287289
000000387058
000000034785
000000072866
000000170929
000000417295
000000561406
000000443673
000000265432
000000497915
000000464490
000000289075
000000257341
000000086192
000000063865
000000510979
000000214481
000000402621
000000199836
000000262359
000000024310
000000430261
000000369418
000000122097
000000122469
000000144371
000000519124
000000127921
000000275708
000000181475
000000574760
000000426548
000000155993
000000202855
000000518445
000000469427
000000414284
000000306557
000000267815
000000414381
000000133071
000000437620
000000162375
000000418927
000000379735
000000084512
000000093649
000000562495
000000097371
000000119755
000000363719
000000286174
000000044774
000000327032
000000544109
000000558917
000000394412
000000070459
000000012766
000000160940
000000392302
000000217859
000000182897
000000013144
000000574460
000000472552
000000168173
000000437080
000000332072
000000523669
000000249384
000000186266
000000340535
000000187442
000000380586
000000458650
000000551522
000000437485
000000566897
000000020202
000000479066
000000055527
000000535229
000000538832
000000435152
000000520479
000000441772
000000464585
000000577052
000000548564
000000227843
000000335351
000000471113
000000526599
000000438071
000000341335
000000293716
000000396284
000000481828
000000135392
000000053929
000000186703
000000328906
000000113315
000000404629
000000485465
000000019023
000000520637
000000579329
000000060982
000000426246
000000010614
000000183171
000000313015
000000376047
000000125555
000000541721
000000333335
000000027901
000000506045
000000479461
000000454072
000000487496
000000167184
000000361361
000000207454
000000044080
000000038266
000000028797
000000102718
000000001994
000000453734
000000396596
000000133850
000000010991
000000282889
000000555910
000000542129
000000335581
000000224505
000000017301
000000505700
000000572949
000000518601
000000113660
000000391065
000000245530
000000406509
000000556823
000000143764
000000517582
000000223295
000000361391
000000450761
000000462135
000000236125
000000215546
000000471686
000000503567
000000419410
000000405995
000000262954
000000507876
000000022256
000000131113
000000406298
000000479191
000000365284
000000328571
000000390110
000000218223
000000437277
000000010175
000000119993
000000033901
000000051894
000000129766
000000570066
000000306561
000000217449
000000047054
000000144937
000000147659
000000281557
000000537198
000000463953
000000475668
000000492550
000000225566
000000087096
000000509490
000000240339
000000527822
000000549539
000000226597
000000044878
000000460408
000000506808
000000532711
000000482084
000000505903
000000467516
000000031621
000000274195
000000095867
000000386979
000000089052
000000039548
000000283403
000000160181
000000445143
000000449528
000000101369
000000414684
000000070255
000000468068
000000502862
000000247034
000000062046
000000189274
000000045237
000000080590
000000009095
000000259809
000000132638
000000016963
000000112459
000000458821
000000131172
000000061606
000000216026
000000350280
000000306511
000000487310
000000358825
000000464650
000000324488
000000491204
000000115619
000000340267
000000206583
000000197005
000000340259
000000414651
000000465359
000000442400
000000457087
000000432956
000000084391
000000537422
000000550359
000000018973
000000330004
000000533042
000000368588
000000494599
000000107051
000000211725
000000103119
000000183653
000000054363
000000476501
000000544475
000000020917
000000243173
000000009488
000000488390
000000408425
000000399841
000000208646
000000081845
000000406004
000000574076
000000091725
000000415201
000000093587
000000251219
000000511031
000000296360
000000106315
000000461695
000000467654
000000071328
000000084273
000000187724
000000017312
000000448509
000000466890
000000227520
000000014748
000000358411
000000354290
000000528687
000000140666
000000045183
000000222408
000000062348
000000318556
000000518932
000000070402
000000441883
000000294775
000000035532
000000442356
000000201891
000000315768
000000189071
000000566489
000000086652
000000500761
000000578041
000000074686
000000297236
000000473516
000000365802
000000286700
000000455649
000000146561
000000019380
000000228329
000000052030
000000389292
000000209537
000000294920
000000249682
000000303708
000000528047
000000569320
000000221378
000000406282
000000418155
000000140954
000000086065
000000524056
000000237886
000000477226
000000416258
000000480368
000000316561
000000555755
000000149079
000000233642
000000036417
000000153880
000000509555
000000044751
000000569363
000000466664
000000535335
000000018460
000000165542
000000279375
000000169480
000000042808
000000082631
000000307039
000000504165
000000372378
000000249470
000000537774
000000234083
000000382287
000000479629
000000570412
000000454477
000000332115
000000280955
000000343135
000000243280
000000413903
000000504039
000000051047
000000493202
000000324943
000000260448
000000115018
000000238887
000000399154
000000065979
000000515710
000000565004
000000202115
000000312907
000000473320
000000010870
000000107157
000000560472
000000568880
000000521361
000000174098
000000564966
000000103437
000000494618
000000508568
000000448574
000000371255
000000168774
000000091911
000000029559
000000034478
000000438855
000000089629
000000428126
000000421529
000000032893
000000376776
000000073885
000000459018
000000509149
000000344807
000000212633
000000059036
000000281246
000000506641
000000404981
000000238795
000000339059
000000081971
000000451836
000000575711
000000243021
000000136142
000000501758
000000253551
000000365947
000000132888
000000230673
000000414479
000000128278
000000338629
000000243610
000000112453
000000433607
000000190087
000000062608
000000443084
000000535289
000000430067
000000382559
000000042427
000000471851
000000251804
000000481728
000000561394
000000050096
000000490385
000000400571
000000055276
000000109588
000000208820
000000167559
000000566752
000000139865
000000117349
000000269551
000000348467
000000260634
000000299085
000000490872
000000140373
000000443248
000000401269
000000463844
000000430281
000000103018
000000236897
000000052179
000000256316
000000004830
000000265253
000000562394
000000265625
000000185168
000000491084
000000304483
000000182406
000000496942
000000469170
000000457586
000000161386
000000089914
000000043739
000000523055
000000220842
000000261298
000000366799
000000474373
000000496457
000000581199
000000375425
000000161823
000000076590
000000201145
000000069048
000000559728
000000577520
000000263764
000000453016
000000428152
000000498403
000000441900
000000416981
000000155892
000000143958
000000348269
000000083862
000000318509
000000026052
000000357898
000000156073
000000261843
000000084757
000000042513
000000379596
000000302065
000000073420
000000152769
000000152781
000000421825
000000075863
000000314849
000000294107
000000564118
000000156628
000000406420
000000301764
000000125311
000000148101
000000099539
000000256824
000000373500
000000570938
000000282703
000000004719
000000218832
000000141941
000000237818
000000523684
000000246307
000000334098
000000043645
000000185474
000000051359
000000201659
000000237143
000000408829
000000564288
000000482346
000000533949
000000294716
000000178198
000000327572
000000305278
000000211771
000000368490
000000281382
000000311143
000000464271
000000251121
000000429536
000000144431
000000151669
000000408838
000000017205
000000282283
000000206685
000000123389
000000294083
000000338438
000000347403
000000288215
000000299489
000000194842
000000266976
000000257392
000000003899
000000373421
000000536010
000000448976
000000514781
000000030389
000000116270
000000359775
000000084964
000000442926
000000343169
000000354059
000000405133
000000414410
000000558148
000000034235
000000520852
000000113700
000000184555
000000265145
000000332463
000000547265
000000494785
000000331560
000000246981
000000573341
000000231801
000000238025
000000576457
000000564684
000000082118
000000404296
000000222694
000000136310
000000309060
000000578892
000000231047
000000162411
000000362568
000000563659
000000433296
000000161367
000000032074
000000393108
000000282067
000000290584
000000537555
000000453417
000000493300
000000064836
000000402569
000000071936
000000364722
000000548889
000000052619
000000520978
000000023298
000000503739
000000521620
000000339248
000000570457
000000119534
000000252038
000000529300
000000420649
000000041831
000000273276
000000209794
000000267779
000000224079
000000313705
000000282444
000000186131
000000545611
000000451651
000000216685
000000156090
000000128837
000000579332
000000366793
000000158223
000000247269
000000221743
000000384563
000000235568
000000407606
000000119966
000000269493
000000513806
000000151869
000000329054
000000257575
000000351401
000000416589
000000054218
000000285998
000000163917
000000320875
000000063325
000000376796
000000052037
000000248315
000000057842
000000390608
000000551082
000000413206
000000486899
000000041678
000000291484
000000245797
000000532137
000000379434
000000049128
000000028589
000000015262
000000142276
000000256755
000000215555
000000132520
000000097660
000000072421
000000194738
000000451826
000000247131
000000441462
000000264647
000000026995
000000235390
000000037800
000000135815
000000434753
000000158965
000000068633
000000468357
000000562029
000000517403
000000297764
000000471039
000000264092
000000569742
000000063143
000000256278
000000427163
000000492236
000000432510
000000371051
000000340877
000000174896
000000247786
000000424821
000000292912
000000279603
000000230916
000000506530
000000333207
000000562014
000000064308
000000135242
000000266587
000000022102
000000356011
000000280765
000000571513
000000446271
000000166233
000000239331
000000177150
000000065616
000000103287
000000296631
000000237337
000000326594
000000395974
000000518267
000000545381
000000459576
000000264791
000000522567
000000332124
000000518472
000000439479
000000135796
000000239772
000000114194
000000118916
000000347505
000000519759
000000030449
000000042277
000000420412
000000521334
000000478712
000000470821
000000059798
000000180141
000000432998
000000346947
000000088140
000000015219
000000540444
000000104177
000000202554
000000072817
000000227502
000000229233
000000383787
000000176769
000000522129
000000396106
000000337207
000000407693
000000257955
000000126317
000000090122
000000520199
000000100753
000000181122
000000463680
000000241491
000000077260
000000092553
000000095880
000000453351
000000299714
000000054294
000000166036
000000308575
000000311383
000000093535
000000412720
000000416767
000000144139
000000389002
000000136699
000000022651
000000458170
000000477442
000000472617
000000126204
000000450864
000000491888
000000040855
000000571799
000000042320
000000194294
000000259717
000000217268
000000091998
000000153219
000000387068
000000122802
000000157961
000000308432
000000461189
000000226348
000000311771
000000217460
000000379777
000000311238
000000181217
000000567268
000000092696
000000336479
000000121226
000000039099
000000500515
000000515377
000000072615
000000470691
000000215878
000000511179
000000331864
000000003637
000000074211
000000335525
000000007476
000000443635
000000235410
000000119276
000000452909
000000287723
000000101816
000000333775
000000468894
000000442443
000000419052
000000403982
000000002284
000000399203
000000547503
000000249240
000000195151
000000299544
000000300571
000000198611
000000080305
000000476220
000000308758
000000457843
000000536127
000000115421
000000135125
000000209040
000000447863
000000251696
000000322327
000000152320
000000421488
000000569716
000000365312
000000436321
000000059556
000000442298
000000180987
000000417203
000000229962
000000380661
000000441325
000000342709
000000543661
000000004616
000000407617
000000257426
000000331417
000000231500
000000119248
000000045854
000000376131
000000025722
000000550481
000000581674
000000462501
000000392329
000000036968
000000549347
000000160264
000000270202
000000105531
000000158700
000000497558
000000165610
000000559358
000000360300
000000074925
000000305813
000000054803
000000507838
000000482728
000000477555
000000151862
000000227035
000000295524
000000234091
000000294942
000000442008
000000091056
000000237608
000000185577
000000181223
000000104127
000000227117
000000054541
000000186525
000000263516
000000508723
000000074273
000000483046
000000183237
000000436504
000000244589
000000134128
000000176392
000000128254
000000270873
000000022411
000000067052
000000330327
000000484619
000000229825
000000403888
000000405613
000000227734
000000432461
000000420300
000000273200
000000443944
000000341546
000000271992
000000483769
000000187952
000000023906
000000532603
000000441992
000000106567
000000086654
000000125955
000000136200
000000476093
000000494811
000000152942
000000536237
000000554842
000000489734
000000102757
000000123074
000000058864
000000410331
000000113244
000000411478
000000061478
000000010851
000000499598
000000220355
000000342862
000000369478
000000562123
000000101510
000000452380
000000232689
000000513855
000000145180
000000346503
000000448077
000000108575
000000138117
000000376697
000000162199
000000289871
000000025855
000000294730
000000304047
000000154379
000000348871
000000060190
000000346806
000000012429
000000333580
000000169032
000000580172
000000072872
000000288753
000000374575
000000521572
000000161287
000000465922
000000060425
000000563525
000000105520
000000330737
000000324012
000000361670
000000331409
000000128912
000000331759
000000202137
000000390243
000000254879
000000455677
000000429433
000000095337
000000146436
000000382101
000000318904
000000485933
000000267422
000000360334
000000496918
000000400613
000000243333
000000149921
000000347016
000000175427
000000002217
000000017985
000000192745
000000572611
000000428446
000000442557
000000544556
000000409063
000000383875
000000176038
000000510399
000000351242
000000100817
000000077099
000000208868
000000067657
000000306705
000000199958
000000551244
000000370802
000000093644
000000207475
000000280254
000000044816
000000414838
000000316581
000000312476
000000375347
000000353701
000000193594
000000562242
000000038432
000000562801
000000436185
000000388947
000000279844
000000553554
000000315813
000000500467
000000331832
000000109008
000000062426
000000476151
000000394623
000000463320
000000493307
000000092221
000000386927
000000435091
000000125667
000000210568
000000111352
000000373476
000000349059
000000580945
000000427252
000000393375
000000251016
000000203040
000000332875
000000106772
000000068430
000000382724
000000458935
000000305409
000000312671
000000541338
000000123539
000000435046
000000302249
000000303703
000000177193
000000560004
000000366695
000000493398
000000574492
000000343284
000000167525
000000203492
000000183888
000000303076
000000564715
000000102220
000000083102
000000124280
000000433900
000000308979
000000064659
000000348989
000000235061
000000164725
000000116944
000000204863
000000280641
000000269693
000000347727
000000546984
000000267889
000000321427
000000510172
000000245451
000000577819
000000561891
000000400377
000000179526
000000314048
000000131697
000000441507
000000557628
000000464537
000000158540
000000478257
000000248839
000000141988
000000186451
000000336457
000000281701
000000303597
000000017553
000000267082
000000087652
000000145460
000000048749
000000290974
000000058572
000000351783
000000413539
000000352841
000000535874
000000138684
000000142896
000000009462
000000197551
000000064460
000000369770
000000489542
000000279946
000000152556
000000110811
000000409091
000000275672
000000510676
000000476599
000000342851
000000128275
000000228434
000000412146
000000357294
000000232218
000000244014
000000037039
000000379962
000000360811
000000544150
000000068403
000000255522
000000521014
000000514881
000000093267
000000039138
000000081177
000000426513
000000401735
000000556056
000000058541
000000561624
000000207051
000000183585
000000024507
000000218775
000000318497
000000415150
000000048661
000000246494
000000138536
000000568599
000000534914
000000274559
000000513466
000000484835
000000537090
000000311561
000000210999
000000253577
000000283479
000000022593
000000352484
000000136331
000000021020
000000501966
000000007921
000000168368
000000445346
000000263503
000000044995
000000535820
000000512123
000000192234
000000449414
000000463176
000000262116
000000518764
000000121661
000000080526
000000159331
000000129912
000000495124
000000237853
000000117784
000000464303
000000387919
000000392170
000000462847
000000282771
000000165757
000000019093
000000569223
000000050061
000000091804
000000457268
000000162645
000000340217
000000122263
000000180606
000000100777
000000554950
000000024849
000000399650
000000105388
000000336489
000000449238
000000563098
000000077137
000000074081
000000272026
000000434894
000000137378
000000218057
000000114392
000000398704
000000539216
000000205525
000000377110
000000386890
000000370234
000000313605
000000386872
000000337068
000000500499
000000196351
000000551524
000000036091
000000001756
000000348702
000000331326
000000455374
000000391141
000000504598
000000548375
000000409740
000000380271
000000456658
000000104891
000000524645
000000485526
000000578369
000000364032
000000500764
000000544968
000000423488
000000075516
000000231387
000000352908
000000046223
000000308297
000000006572
000000178821
000000151854
000000230321
000000131547
000000213314
000000356256
000000265010
000000316781
000000122250
000000538108
000000388080
000000457292
000000549407
000000231845
000000074232
000000260871
000000351235
000000550572
000000237333
000000221701
000000114326
000000069344
000000532239
000000417220
000000528915
000000439325
000000578002
000000525668
000000474822
000000499500
000000467177
000000062552
000000022708
000000385070
000000408966
000000382423
000000514071
000000541422
000000167028
000000243796
000000314190
000000058482
000000559877
000000093612
000000188920
000000302415
000000468422
000000427771
000000492851
000000523995
000000330295
000000085404
000000562830
000000305772
000000033094
000000208121
000000477266
000000171536
000000547797
000000512872
000000274633
000000071265
000000131595
000000041404
000000429587
000000093030
000000255069
000000136575
000000549426
000000052433
000000125817
000000074356
000000397619
000000359521
000000174632
000000099968
000000101559
000000128826
000000055285
000000507939
000000101781
000000425817
000000014385
000000518451
000000494194
000000547794
000000302147
000000257729
000000351796
000000172012
000000263041
000000206454
000000443405
000000260969
000000040248
000000438762
000000530599
000000508821
000000310463
000000143789
000000466530
000000564884
000000205967
000000204606
000000213790
000000033057
000000323722
000000098629
000000051302
000000187897
000000288650
000000013283
000000307759
000000125821
000000294238
000000130624
000000226046
000000061854
000000022954
000000090869
000000100564
000000458134
000000040338
000000172387
000000505309
000000297995
000000322517
000000377589
000000055130
000000318562
000000130120
000000185296
000000523981
000000115519
000000343551
000000156824
000000234468
000000313798
000000101241
000000149223
000000300629
000000058681
000000052844
000000561543
000000542213
000000008043
000000577850
000000200503
000000575644
000000570280
000000301046
000000128848
000000356330
000000394283
000000324103
000000272176
000000412281
000000475316
000000515019
000000527155
000000158293
000000082705
000000558786
000000444794
000000200500
000000295836
000000320731
000000102667
000000324923
000000346915
000000275612
000000121237
000000106504
000000395259
000000109164
000000117991
000000478726
000000134986
000000031532
000000455444
000000449859
000000556636
000000456142
000000006747
000000388852
000000274213
000000159013
000000208304
000000293165
000000458139
000000495903
000000197407
000000311087
000000505111
000000163101
000000096223
000000537441
000000201839
000000272157
000000484960
000000220096
000000004714
000000273716
000000516596
000000515431
000000574140
000000291269
000000007220
000000295889
000000396097
000000386996
000000002296
000000556544
000000502504
000000446014
000000560158
000000051737
000000201940
000000217623
000000272351
000000267435
000000109858
000000556698
000000327181
000000013252
000000199715
000000324626
000000500768
000000276491
000000396372
000000455902
000000522947
000000090570
000000400625
000000079567
000000566911
000000470393
000000396976
000000114854
000000079873
000000162977
000000572084
000000262770
000000223366
000000491346
000000056032
000000061843
000000389061
000000148502
000000029104
000000000714
000000487225
000000394794
000000457205
000000139994
000000418984
000000522535
000000336314
000000369701
000000024794
000000457871
000000489109
000000468258
000000538356
000000104542
000000281237
000000153710
000000141386
000000287488
000000472831
000000301783
000000272082
000000023280
000000215582
000000453354
000000151830
000000525318
000000216432
000000210322
000000530001
000000232648
000000387408
000000058677
000000030391
000000251523
000000186280
000000196299
000000366009
000000152626
000000553487
000000464854
000000227769
000000387712
000000492183
000000196899
000000502564
000000248478
000000231448
000000535817
000000328883
000000456761
000000567161
000000502717
000000538182
000000317227
000000185051
000000356071
000000055731
000000309294
000000371654
000000510250
000000385744
000000388498
000000296187
000000337416
000000052426
000000095854
000000247296
000000437156
000000312379
000000434305
000000517492
000000341716
000000142970
000000565564
000000157186
000000105576
000000528358
000000461267
000000084313
000000103435
000000180682
000000213838
000000213207
000000149221
000000081042
000000026913
000000547769
000000299675
000000573018
000000480773
000000100959
000000533045
000000483760
000000518075
000000369735
000000113561
000000229875
000000380338
000000498815
000000423768
000000025746
000000026383
000000573997
000000144079
000000543840
000000156180
000000572179
000000113725
000000418385
000000083878
000000467146
000000452470
000000326584
000000545066
000000367725
000000182997
000000054692
000000026108
000000568369
000000100396
000000460453
000000121718
000000411083
000000163713
000000542443
000000174735
000000164200
000000179814
000000132077
000000451386
000000470414
000000305152
000000310562
000000224961
000000571451
000000166201
000000053425
000000581670
000000144388
000000032644
000000468276
000000228119
000000520553
000000374391
000000451003
000000287249
000000475808
000000193287
000000553736
000000074080
000000130081
000000364437
000000469188
000000404242
000000558584
000000362118
000000160996
000000358770
000000447037
000000072809
000000414571
000000066041
000000486415
000000195351
000000467347
000000426149
000000053989
000000222572
000000123791
000000191669
000000329616
000000156910
000000439439
000000453025
000000511789
000000361858
000000398772
000000472842
000000467145
000000279175
000000100386
000000102163
000000120320
000000544601
000000379067
000000204981
000000562504
000000578387
000000209229
000000339796
000000372862
000000459659
000000282503
000000563270
000000541293
000000115270
000000489191
000000066883
000000114468
000000334777
000000037326
000000204529
000000154073
000000373697
000000546952
000000253873
000000149817
000000054492
000000511345
000000556039
000000084427
000000140188
000000413623
000000475659
000000488422
000000360868
000000328427
000000550746
000000326836
000000147187
000000271604
000000433334
000000370383
000000354746
000000168657
000000430428
000000018780
000000161451
000000106964
000000080826
000000174470
000000508530
000000579065
000000321646
000000073434
000000203034
000000449350
000000558190
000000129771
000000315938
000000140633
000000486215
000000067155
000000405469
000000369095
000000281961
000000287509
000000297876
000000105865
000000444010
000000315294
000000332613
000000332540
000000403953
000000253265
000000220850
000000023315
000000394572
000000259951
000000106497
000000254063
000000175217
000000320081
000000389207
000000136949
000000527649
000000308251
000000148541
000000522074
000000356654
000000423720
000000382011
000000146015
000000327198
000000387887
000000130492
000000382887
000000060140
000000362371
000000574132
000000247318
000000538422
000000005277
000000218558
000000306661
000000282708
000000114652
000000098480
000000273677
000000012103
000000466822
000000218717
000000363370
000000202448
000000549003
000000557021
000000205949
000000100223
000000545375
000000040911
000000313951
000000161084
000000385307
000000402776
000000465177
000000343908
000000365934
000000314951
000000580137
000000359565
000000178460
000000111933
000000545900
000000148373
000000242203
000000110809
000000551888
000000456076
000000562248
000000506988
000000174048
000000189187
000000001264
000000287265
000000053304
000000519894
000000377570
000000570876
000000195506
000000266366
000000354306
000000106371
000000188556
000000233146
000000255226
000000250239
000000120644
000000497856
000000432997
000000088136
000000071726
000000370145
000000313356
000000228435
000000538116
000000180569
000000331822
000000440154
000000474637
000000403423
000000318306
000000249130
000000326210
000000215330
000000231868
000000015156
000000334637
000000092380
000000458617
000000451032
000000570608
000000074335
000000418812
000000554040
000000159081
000000298573
000000325821
000000572180
000000121232
000000310807
000000416281
000000222305
000000110019
000000146186
000000545160
000000513683
000000284817
000000151732
000000140935
000000265244
000000133576
000000302511
000000239339
000000312435
000000430691
000000274556
000000253958
000000340727
000000381217
000000494007
000000483187
000000504907
000000280087
000000252943
000000207331
000000246434
000000496617
000000291839
000000218809
000000363919
000000018475
000000473762
000000438349
000000073824
000000248251
000000281906
000000277096
000000347189
000000304440
000000422534
000000261139
000000402575
000000220037
000000125452
000000153871
000000486627
000000282981
000000110665
000000497211
000000192320
000000538965
000000202748
000000504030
000000220743
000000301082
000000180720
000000042285
000000534140
000000009983
000000208172
000000457631
000000134782
000000261202
000000236552
000000044337
000000489622
000000209923
000000483401
000000486543
000000429517
000000118680
000000566502
000000082990
000000408270
000000549928
000000209048
000000019428
000000226559
000000136181
000000483690
000000262495
000000197959
000000248709
000000330909
000000037035
000000510613
000000216603
000000511892
000000220216
000000457986
000000325385
000000398073
000000490529
000000459037
000000318385
000000466445
000000389753
000000110794
000000441736
000000273863
000000322405
000000332607
000000364340
000000070755
000000189280
000000287519
000000558189
000000011198
000000243630
000000410810
000000114515
000000137578
000000558798
000000060364
000000511651
000000324611
000000368565
000000493254
000000334587
000000097146
000000430688
000000206937
000000098987
000000444448
000000535786
000000004893
000000386580
000000199539
000000530896
000000161941
000000050636
000000223942
000000038709
000000398157
000000257470
000000066507
000000252411
000000549729
000000570568
000000026304
000000242539
000000310532
000000250827
000000280873
000000448843
000000227137
000000553865
000000317962
000000132889
000000111878
000000505086
000000382625
000000243773
000000265447
000000449462
000000102766
000000524476
000000564098
000000314929
000000308332
000000315200
000000214087
000000127496
000000074332
000000478490
000000189209
000000433389
000000035768
000000244646
000000046255
000000067261
000000493623
000000344632
000000073782
000000134290
000000124803
000000572795
000000037367
000000457572
000000275700
000000208379
000000520208
000000077903
000000157714
000000286876
000000441539
000000520975
000000210077
000000272480
000000254787
000000239801
000000435963
000000167910
000000439596
000000534318
000000089735
000000345417
000000378712
000000325475
000000134738
000000047974
000000287098
000000417373
000000354978
000000048708
000000011313
000000281700
000000087105
000000216194
000000543119
000000392154
000000566385
000000020456
000000519376
000000224692
000000177860
000000067936
000000194288
000000147122
000000048332
000000436564
000000349590
000000037688
000000527064
000000416723
000000304827
000000531735
000000287449
000000259398
000000215002
000000110560
000000104888
000000007944
000000392747
000000384375
000000360277
000000031561
000000096800
000000156740
000000101968
000000464382
000000530905
000000101084
000000343863
000000515216
000000529661
000000035864
000000259434
000000218926
000000274632
000000171081
000000115544
000000176321
000000280731
000000404395
000000552075
000000545226
000000303368
000000011638
000000209967
000000468162
000000531860
000000093400
000000085215
000000286778
000000216091
000000148807
000000447543
000000515893
000000562664
000000117137
000000160926
000000175405
000000500273
000000114303
000000124215
000000177058
000000548550
000000426551
000000129117
000000324032
000000445620
000000281764
000000375208
000000526793
000000190432
000000264250
000000530706
000000130949
000000363217
000000393394
000000179968
000000385674
000000454514
000000331334
000000303431
000000193855
000000214526
000000335459
000000008999
000000418882
000000265176
000000314055
000000420200
000000490923
000000016273
000000561785
000000469638
000000444953
000000574961
000000393303
000000293166
000000234948
000000141509
000000200116
000000520924
000000177090
000000326854
000000509442
000000141065
000000296758
000000406121
000000562160
000000235700
000000040905
000000574138
000000495077
000000341437
000000271038
000000504970
000000571635
000000137861
000000448613
000000131909
000000486345
000000107633
000000331863
000000483179
000000259112
000000093724
000000090520
000000005180
000000442252
000000100519
000000399746
000000298721
000000056608
000000496926
000000320089
000000264805
000000123125
000000228274
000000468203
000000008688
000000053434
000000212058
000000181782
000000275625
000000277688
000000484281
000000424472
000000047654
000000041838
000000566844
000000495243
000000459111
000000540575
000000561635
000000469795
000000215213
000000089908
000000064909
000000141702
000000529102
000000373662
000000057979
000000501015
000000228953
000000355124
000000510028
000000339643
000000192953
000000178526
000000273082
000000261118
000000445606
000000468585
000000265274
000000355075
000000439651
000000097092
000000566188
000000233093
000000199913
000000033297
000000226913
000000486410
000000213003
000000390895
000000315486
000000190495
000000337528
000000200302
000000139468
000000253031
000000205239
000000554706
000000286162
000000052312
000000093519
000000233030
000000311690
000000192652
000000409767
000000019358
000000580406
000000301649
000000256094
000000315702
000000482706
000000341296
000000468417
000000101355
000000510955
000000383979
000000399392
000000219861
000000200778
000000060596
000000033842
000000306047
000000357471
000000076384
000000340283
000000196168
000000568113
000000545364
000000294744
000000041020
000000434417
000000499829
000000092216
000000353398
000000487914
000000548029
000000139258
000000296064
000000280857
000000093904
000000545114
000000398407
000000157006
000000041923
000000346596
000000006415
000000525807
000000314992
000000292905
000000225867
000000348697
000000022150
000000221846
000000156914
000000349575
000000026725
000000437465
000000358293
000000338949
000000102754
000000044286
000000515136
000000152514
000000224633
000000147586
000000205054
000000328314
000000559859
000000081704
000000124279
000000325873
000000567964
000000090582
000000350468
000000245898
000000284756
000000386295
000000362740
000000214671
000000242076
000000337662
000000268151
000000557695
000000292118
000000316708
000000052756
000000157866
000000399138
000000487571
000000296707
000000308156
000000302094
000000044269
000000357604
000000168812
000000517906
000000312652
000000274537
000000077624
000000395480
000000538691
000000289248
000000363957
000000434118
000000280540
000000396178
000000496801
000000161812
000000024081
000000511781
000000403013
000000057166
000000177658
000000091942
000000452498
000000002658
000000578553
000000352316
000000211644
000000292512
000000161777
000000048150
000000338094
000000254410
000000200024
000000097311
000000408431
000000100407
000000373075
000000423337
000000314370
000000117160
000000337883
000000293524
000000253848
000000156320
000000013985
000000197322
000000379678
000000571779
000000075101
000000212685
000000274917
000000323598
000000268628
000000344629
000000414289
000000152531
000000495518
000000104502
000000537220
000000284259
000000460617
000000385005
000000237835
000000538775
000000255797
000000254869
000000067558
000000242505
000000341917
000000256589
000000322594
000000298327
000000063676
000000251798
000000324953
000000060136
000000134589
000000051176
000000012315
000000258440
000000363078
000000209931
000000549166
000000495460
000000132094
000000295695
000000304125
000000573993
000000383406
000000368746
000000546091
000000338030
000000491845
000000421875
000000233955
000000451213
000000064342
000000152070
000000178962
000000147701
000000475889
000000490939
000000201192
000000194564
000000364487
000000422416
000000444343
000000205108
000000427544
000000160498
000000183151
000000053088
000000219558
000000108548
000000107691
000000172680
000000334328
000000443218
000000334774
000000507215
000000317806
000000070059
000000376959
000000103332
000000563652
000000272713
000000076846
000000499636
000000578009
000000185862
000000268067
000000443875
000000440650
000000405777
000000154244
000000345598
000000061203
000000444285
000000330807
000000171201
000000432417
000000147775
000000540473
000000511693
000000304389
000000233808
000000374017
000000324262
000000003915
000000472581
000000129310
000000401010
000000259136
000000027510
000000332578
000000142689
000000210909
000000315986
000000306258
000000213649
000000431241
000000473771
000000326300
000000271633
000000138153
000000463467
000000205570
000000210404
000000341257
000000045582
000000528938
000000125633
000000220736
000000504046
000000414546
000000397044
000000534183
000000448580
000000392703
000000283111
000000215675
000000290183
000000040902
000000526898
000000480532
000000533568
000000005830
000000048711
000000383106
000000202906
000000581566
000000478874
000000577809
000000553586
000000297045
000000011264
000000097841
000000248168
000000339919
000000404997
000000405188
000000574221
000000375857
000000575594
000000275893
000000195039
000000439774
000000413668
000000506283
000000531552
000000353505
000000512140
000000468796
000000537844
000000403556
000000168440
000000463591
000000375878
000000135525
000000538064
000000274999
000000055627
000000251343
000000101675
000000573206
000000230735
000000297512
000000497500
000000505188
000000058595
000000356337
000000510977
000000268986
000000089228
000000519320
000000499024
000000056550
000000038033
000000058753
000000499700
000000109216
000000150017
000000209012
000000196028
000000284605
000000234684
000000574241
000000571886
000000249275
000000081967
000000257105
000000429679
000000355122
000000569926
000000473849
000000044767
000000249372
000000154892
000000120792
000000290153
000000141807
000000447985
000000127301
000000140388
000000371137
000000403482
000000444703
000000248005
000000292719
000000504747
000000502495
000000580051
000000054899
000000509110
000000040716
000000268254
000000372381
000000530265
000000207060
000000387678
000000471382
000000441072
000000083147
000000255486
000000410808
000000495528
000000170640
000000550552
000000079367
000000275304
000000329242
000000321007
000000430167
000000290563
000000039470
000000334810
000000184994
000000176318
000000581662
000000383581
000000327468
000000263734
000000101560
000000157230
000000060387
000000426040
000000011172
000000000987
000000284529
000000397735
000000098447
000000387153
000000420380
000000047559
000000194530
000000030947
000000321583
000000379529
000000269116
000000190829
000000470893
000000096998
000000107571
000000030062
000000059648
000000556554
000000112785
000000400729
000000326075
000000544130
000000511307
000000413510
000000199827
000000048850
000000540664
000000051763
000000317022
000000282707
000000481773
000000398222
000000302855
000000172151
000000266443
000000024714
000000128072
000000432619
000000254225
000000341865
000000382310
000000153380
000000278656
000000404222
000000189893
000000452622
000000323789
000000419145
000000460812
000000064593
000000573753
000000107501
000000098748
000000192655
000000178436
000000523505
000000567036
000000554066
000000520851
000000417090
000000118563
000000532735
000000282137
000000124347
000000195027
000000309285
000000478835
000000259192
000000492318
000000039770
000000560307
000000532062
000000326414
000000358297
000000280702
000000371808
000000303534
000000007890
000000253219
000000006225
000000182575
000000132294
000000502112
000000170525
000000132362
000000268213
000000465130
000000533364
000000380116
000000218625
000000000165
000000559482
000000232936
000000538735
000000415429
000000077444
000000480180
000000536055
000000188311
000000290400
000000116663
000000367518
000000306113
000000186205
000000090067
000000238392
000000350206
000000457068
000000234161
000000246729
000000313285
000000361885
000000203843
000000409821
000000192476
000000426920
000000551169
000000337690
000000302838
000000079506
000000321940
000000352561
000000279948
000000191156
000000264699
000000293353
000000003466
000000126554
000000573456
000000140179
000000428041
000000110873
000000178770
000000134643
000000514525
000000044989
000000442031
000000459644
000000457335
000000566984
000000373880
000000561454
000000326056
000000162285
000000283190
000000038963
000000254779
000000149604
000000161657
000000565582
000000093403
000000206751
000000455275
000000126141
000000494217
000000310134
000000130732
000000256713
000000420615
000000507904
000000086932
000000053236
000000182947
000000398174
000000496287
000000234470
000000533156
000000453680
000000241836
000000325362
000000336892
000000215396
000000388075
000000538196
000000154616
000000089848
000000111749
000000517515
000000126808
000000214924
000000436515
000000221696
000000405800
000000049017
000000041478
000000407112
000000489815
000000541018
000000527554
000000424225
000000096183
000000094807
000000469793
000000005832
000000443545
000000396304
000000355175
000000029931
000000141860
000000535768
000000574812
000000454543
000000330513
000000193193
000000217186
000000313341
000000475621
000000476525
000000020087
000000200133
000000106229
000000308582
000000302528
000000356645
000000279909
000000127167
000000362166
000000237467
000000380842
000000224134
000000279672
000000009113
000000111737
000000063573
000000118743
000000001926
000000248649
000000522481
000000002531
000000012698
000000159240
000000451336
000000035774
000000422050
000000028288
000000180055
000000216715
000000477497
000000079754
000000010205
000000048601
000000474504
000000077432
000000201738
000000093297
000000346112
000000469914
000000389977
000000563935
000000429460
000000039671
000000020935
000000417766
000000425526
000000074365
000000525904
000000224388
000000212741
000000442666
000000158222
000000135676
000000274337
000000322212
000000062038
000000138904
000000459118
000000122350
000000071271
000000463201
000000555476
000000166848
000000168076
000000440827
000000424083
000000148122
000000540933
000000013525
000000429111
000000502726
000000077050
000000265971
000000406375
000000191632
000000001732
000000108859
000000342650
000000124383
000000232610
000000094087
000000086435
000000315319
000000478614
000000237677
000000574069
000000140294
000000571920
000000375528
000000112818
000000267189
000000304523
000000191068
000000399879
000000281017
000000316293
000000289654
000000527056
000000095124
000000157811
000000106363
000000209027
000000396295
000000374628
000000398494
000000214946
000000217704
000000372233
000000038314
000000009025
000000201375
000000177440
000000343662
000000035094
000000306089
000000514283
000000136917
000000447197
000000146235
000000214725
000000106920
000000199422
000000502395
000000479663
000000049554
000000375143
000000308444
000000306570
000000485099
000000255248
000000114060
000000068283
000000291390
000000349585
000000266486
000000344555
000000535403
000000245243
000000573973
000000405657
000000072026
000000146963
000000318346
000000278291
000000022636
000000006042
000000069826
000000262136
000000480467
000000119860
000000222500
000000389256
000000188343
000000213936
000000395780
000000204969
000000074336
000000223474
000000437685
000000329239
000000369777
000000452115
000000268190
000000541109
000000535961
000000507301
000000566536
000000361685
000000107147
000000173391
000000527219
000000515210
000000465123
000000372588
000000042529
000000413250
000000094717
000000429614
000000130411
000000544408
000000488928
000000427654
000000022194
000000575469
000000399825
000000367951
000000487349
000000151125
000000277990
000000226805
000000447862
000000241100
000000479749
000000488203
000000083097
000000073174
000000191690
000000556709
000000537444
000000414156
000000244122
000000543534
000000130598
000000019028
000000537687
000000551427
000000243580
000000049190
000000219121
000000060464
000000312785
000000485374
000000324995
000000051630
000000294937
000000533545
000000484476
000000492271
000000540872
000000308257
000000220348
000000050753
000000092729
000000280377
000000431699
000000506802
000000304905
000000571168
000000364484
000000447678
000000093246
000000021868
000000539507
000000253887
000000497050
000000436023
000000193062
000000304384
000000148839
000000245209
000000256741
000000097217
000000520039
000000125995
000000462982
000000251723
